1659181423232 2.006299912929535 0
1659181426611 1.9538545608520508 1
1659181430050 1.8823404908180237 2
1659181433476 1.876996636390686 3
1659181437030 1.5993714332580566 4
1659181440621 1.6177903413772583 5
1659181444179 1.3939724564552307 6
1659181447733 1.3150176405906677 7
1659181451353 1.135285198688507 8
1659181454837 0.9314355552196503 9
1659181458381 0.8791608810424805 10
1659181462018 0.74228435754776 11
1659181465524 0.5501318275928497 12
1659181469039 0.4602608382701874 13
1659181472626 0.38328172266483307 14
1659181476222 0.4270082414150238 15
1659181479922 0.2518412321805954 16
1659181483581 0.26864898204803467 17
1659181487188 0.1510356292128563 18
1659181490862 0.1981843337416649 19
1659181494437 0.11002177745103836 20
1659181498101 0.10534194111824036 21
1659181501876 0.08535754680633545 22
1659181505562 0.043005723506212234 23
1659181509297 0.07218569330871105 24
1659181513015 0.03628026321530342 25
1659181516810 0.02562745474278927 26
1659181520518 0.023099757730960846 27
1659181524413 0.006823992356657982 28
1659181527989 0.024228785187005997 29
1659181531715 0.00629064254462719 30
1659181535501 0.002235446125268936 31
1659181539273 0.007397925481200218 32
1659181543127 0.004241827875375748 33
1659181546865 0.006446653977036476 34
1659181550636 0.011618070304393768 35
1659181554515 0.0035700444132089615 36
1659181557875 0.001971377059817314 37
1659181561891 0.0017906762659549713 38
