1659181423232 10.277841091156006 0
1659181426611 10.315800189971924 1
1659181430050 10.331901550292969 2
1659181433476 10.239648818969727 3
1659181437030 10.343903541564941 4
1659181440621 10.242116928100586 5
1659181444179 10.378316402435303 6
1659181447733 10.293273448944092 7
1659181451353 10.526252269744873 8
1659181454837 10.695106983184814 9
1659181458381 10.656874656677246 10
1659181462018 10.985790252685547 11
1659181465524 11.150072574615479 12
1659181469039 11.40101671218872 13
1659181472626 11.29591703414917 14
1659181476222 11.50395393371582 15
1659181479922 11.955024242401123 16
1659181483581 11.957321166992188 17
1659181487188 12.231976509094238 18
1659181490862 12.390262603759766 19
1659181494437 12.602701187133789 20
1659181498101 12.675549507141113 21
1659181501876 12.694644451141357 22
1659181505562 12.861692905426025 23
1659181509297 12.692301750183105 24
1659181513015 13.158354759216309 25
1659181516810 13.2593674659729 26
1659181520518 13.263927459716797 27
1659181524413 13.203317642211914 28
1659181527989 13.177629470825195 29
1659181531715 13.223710060119629 30
1659181535501 13.30354356765747 31
1659181539273 13.52221155166626 32
1659181543127 13.41020393371582 33
1659181546865 13.439384460449219 34
1659181550636 13.287009716033936 35
1659181554515 13.775896072387695 36
1659181557875 13.467592716217041 37
1659181561891 13.580022811889648 38
