1659181423232 11.563125133514404 0
1659181426611 11.583718299865723 1
1659181430050 11.515640258789062 2
1659181433476 11.369425773620605 3
1659181437030 11.087867259979248 4
1659181440621 10.990596294403076 5
1659181444179 10.837169647216797 6
1659181447733 10.634812355041504 7
1659181451353 10.448013305664062 8
1659181454837 10.294050693511963 9
1659181458381 10.087098121643066 10
1659181462018 10.050488471984863 11
1659181465524 9.771849632263184 12
1659181469039 9.636680603027344 13
1659181472626 9.529829025268555 14
1659181476222 9.623149871826172 15
1659181479922 9.350720405578613 16
1659181483581 9.283534049987793 17
1659181487188 9.186708927154541 18
1659181490862 9.106437683105469 19
1659181494437 8.995914936065674 20
1659181498101 8.878966331481934 21
1659181501876 8.747208595275879 22
1659181505562 8.685935497283936 23
1659181509297 8.721524238586426 24
1659181513015 8.515979290008545 25
1659181516810 8.408693313598633 26
1659181520518 8.558392524719238 27
1659181524413 8.406961441040039 28
1659181527989 8.515797138214111 29
1659181531715 8.306873321533203 30
1659181535501 8.31148624420166 31
1659181539273 8.302032470703125 32
1659181543127 8.193547248840332 33
1659181546865 8.208552837371826 34
1659181550636 8.227094173431396 35
1659181554515 8.038683414459229 36
1659181557875 8.114592790603638 37
1659181561891 8.037115097045898 38
