1659181423232 9.888141632080078 0
1659181426611 9.390374183654785 1
1659181430050 9.00787353515625 2
1659181433476 8.683268547058105 3
1659181437030 7.840895652770996 4
1659181440621 7.739382743835449 5
1659181444179 7.054183006286621 6
1659181447733 6.6853179931640625 7
1659181451353 6.111948013305664 8
1659181454837 5.604997634887695 9
1659181458381 5.254463195800781 10
1659181462018 4.825333595275879 11
1659181465524 4.250294208526611 12
1659181469039 3.8328890800476074 13
1659181472626 3.611668586730957 14
1659181476222 3.5799319744110107 15
1659181479922 2.9744815826416016 16
1659181483581 2.8841872215270996 17
1659181487188 2.4213411808013916 18
1659181490862 2.4399538040161133 19
1659181494437 2.0782968997955322 20
1659181498101 1.9966375827789307 21
1659181501876 1.7390937805175781 22
1659181505562 1.6544008255004883 23
1659181509297 1.682856559753418 24
1659181513015 1.443510890007019 25
1659181516810 1.3531559705734253 26
1659181520518 1.2726526260375977 27
1659181524413 1.1341242790222168 28
1659181527989 1.2383332252502441 29
1659181531715 1.0823057889938354 30
1659181535501 1.035132884979248 31
1659181539273 1.02579665184021 32
1659181543127 0.9797360897064209 33
1659181546865 0.9762314558029175 34
1659181550636 0.9755309820175171 35
1659181554515 0.8966976404190063 36
1659181557875 0.9142434597015381 37
1659181561891 0.8596738576889038 38
