1659181423232 22.762913703918457 0
1659181426611 22.732367515563965 1
1659181430050 22.812310218811035 2
1659181433476 22.81105136871338 3
1659181437030 22.874670028686523 4
1659181440621 22.889373779296875 5
1659181444179 22.95754909515381 6
1659181447733 22.952192306518555 7
1659181451353 23.02693271636963 8
1659181454837 23.09689998626709 9
1659181458381 23.072473526000977 10
1659181462018 23.250652313232422 11
1659181465524 23.270559310913086 12
1659181469039 23.44314670562744 13
1659181472626 23.402856826782227 14
1659181476222 23.52628231048584 15
1659181479922 23.650671005249023 16
1659181483581 23.719423294067383 17
1659181487188 23.819271087646484 18
1659181490862 23.92206859588623 19
1659181494437 23.994903564453125 20
1659181498101 24.003183364868164 21
1659181501876 23.933143615722656 22
1659181505562 24.012775421142578 23
1659181509297 23.842666625976562 24
1659181513015 24.155211448669434 25
1659181516810 24.13942813873291 26
1659181520518 24.112749099731445 27
1659181524413 24.058752059936523 28
1659181527989 23.9834566116333 29
1659181531715 24.078319549560547 30
1659181535501 23.992647171020508 31
1659181539273 24.08201789855957 32
1659181543127 24.052220344543457 33
1659181546865 23.98774242401123 34
1659181550636 23.882521629333496 35
1659181554515 24.108084678649902 36
1659181557875 23.903586387634277 37
1659181561891 23.963191986083984 38
