1659181423232 0.0001 0
1659181426611 1e-05 1
1659181430050 2e-05 2
1659181433476 3e-05 3
1659181437030 4e-05 4
1659181440621 5e-05 5
1659181444179 6e-05 6
1659181447733 7e-05 7
1659181451353 8e-05 8
1659181454837 9e-05 9
1659181458381 0.0001 10
1659181462018 0.0001 11
1659181465524 0.0001 12
1659181469039 0.0001 13
1659181472626 0.0001 14
1659181476222 0.0001 15
1659181479922 0.0001 16
1659181483581 0.0001 17
1659181487188 0.0001 18
1659181490862 0.0001 19
1659181494437 0.0001 20
1659181498101 0.0001 21
1659181501876 0.0001 22
1659181505562 0.0001 23
1659181509297 0.0001 24
1659181513015 0.0001 25
1659181516810 0.0001 26
1659181520518 0.0001 27
1659181524413 0.0001 28
1659181527989 0.0001 29
1659181531715 0.0001 30
1659181535501 0.0001 31
1659181539273 0.0001 32
1659181543127 0.0001 33
1659181546865 0.0001 34
1659181550636 0.0001 35
1659181554515 0.0001 36
1659181557875 0.0001 37
1659181561891 0.0001 38
