1659181423232 3.5010205507278442 0
1659181426611 3.496999502182007 1
1659181430050 3.488186240196228 2
1659181433476 3.4523972272872925 3
1659181437030 3.4039201736450195 4
1659181440621 3.346392869949341 5
1659181444179 3.272306203842163 6
1659181447733 3.1850959062576294 7
1659181451353 3.0806647539138794 8
1659181454837 2.9607738256454468 9
1659181458381 2.834952235221863 10
1659181462018 2.67963182926178 11
1659181465524 2.54247784614563 12
1659181469039 2.3860862255096436 13
1659181472626 2.259251117706299 14
1659181476222 2.1320266723632812 15
1659181479922 1.9717607498168945 16
1659181483581 1.86583811044693 17
1659181487188 1.7283102869987488 18
1659181490862 1.6186582446098328 19
1659181494437 1.5058003067970276 20
1659181498101 1.417578399181366 21
1659181501876 1.332718014717102 22
1659181505562 1.24296236038208 23
1659181509297 1.1928431987762451 24
1659181513015 1.101226806640625 25
1659181516810 1.0521823167800903 26
1659181520518 1.0165528655052185 27
1659181524413 0.9704146385192871 28
1659181527989 0.9493480920791626 29
1659181531715 0.9070236086845398 30
1659181535501 0.8962027728557587 31
1659181539273 0.8628237247467041 32
1659181543127 0.8404929935932159 33
1659181546865 0.8289806842803955 34
1659181550636 0.8180096745491028 35
1659181554515 0.7895915806293488 36
1659181557875 0.7980778217315674 37
1659181561891 0.7733359336853027 38
