1659181423232 3.1289204359054565 0
1659181426611 2.9242666959762573 1
1659181430050 2.7856260538101196 2
1659181433476 2.5980976819992065 3
1659181437030 2.162906289100647 4
1659181440621 2.173041820526123 5
1659181444179 1.8513365983963013 6
1659181447733 1.7073796391487122 7
1659181451353 1.4669615626335144 8
1659181454837 1.329542875289917 9
1659181458381 1.1974354982376099 10
1659181462018 1.0938336849212646 11
1659181465524 0.8799481987953186 12
1659181469039 0.7353998720645905 13
1659181472626 0.7445709109306335 14
1659181476222 0.8157350718975067 15
1659181479922 0.5648946464061737 16
1659181483581 0.581300750374794 17
1659181487188 0.3886070102453232 18
1659181490862 0.48310816287994385 19
1659181494437 0.33428487181663513 20
1659181498101 0.35688406229019165 21
1659181501876 0.21560317277908325 22
1659181505562 0.27083730697631836 23
1659181509297 0.32998126745224 24
1659181513015 0.22272147983312607 25
1659181516810 0.1988581120967865 26
1659181520518 0.16214700043201447 27
1659181524413 0.09123264998197556 28
1659181527989 0.20421357452869415 29
1659181531715 0.11251235753297806 30
1659181535501 0.08347191661596298 31
1659181539273 0.10555736720561981 32
1659181543127 0.08828887343406677 33
1659181546865 0.09673473984003067 34
1659181550636 0.10451339930295944 35
1659181554515 0.06322116404771805 36
1659181557875 0.07650408148765564 37
1659181561891 0.0483851358294487 38
