1659181423232 1.2519012093544006 0
1659181426611 1.0152534544467926 1
1659181430050 0.851720005273819 2
1659181433476 0.7557772696018219 3
1659181437030 0.674697607755661 4
1659181440621 0.6021573543548584 5
1659181444179 0.5365676581859589 6
1659181447733 0.47782476246356964 7
1659181451353 0.42903652787208557 8
1659181454837 0.383245587348938 9
1659181458381 0.3429149389266968 10
1659181462018 0.3095838725566864 11
1659181465524 0.2777363955974579 12
1659181469039 0.2511422708630562 13
1659181472626 0.22456493228673935 14
1659181476222 0.20516197383403778 15
1659181479922 0.18598514795303345 16
1659181483581 0.1683994084596634 17
1659181487188 0.15338820219039917 18
1659181490862 0.14000310003757477 19
1659181494437 0.12818992882966995 20
1659181498101 0.11683324351906776 21
1659181501876 0.1054149903357029 22
1659181505562 0.09759548678994179 23
1659181509297 0.08784633502364159 24
1659181513015 0.08328237757086754 25
1659181516810 0.07648808881640434 26
1659181520518 0.070853091776371 27
1659181524413 0.06565295532345772 28
1659181527989 0.06054271385073662 29
1659181531715 0.056479135528206825 30
1659181535501 0.0532227735966444 31
1659181539273 0.05001767724752426 32
1659181543127 0.0467123631387949 33
1659181546865 0.04406940005719662 34
1659181550636 0.041389817371964455 35
1659181554515 0.040314795449376106 36
1659181557875 0.03769020922482014 37
1659181561891 0.03616209141910076 38
