1659181814694 2.017895460128784 0
1659181818603 1.925323724746704 1
1659181822501 1.8841792345046997 2
1659181826546 1.7999258637428284 3
1659181830560 1.7184427380561829 4
1659181834629 1.6219173669815063 5
1659181838670 1.4670488238334656 6
1659181842753 1.2925851941108704 7
1659181846792 1.1915176510810852 8
1659181850954 1.1211114525794983 9
1659181855116 0.9392488598823547 10
1659181859278 0.7733433842658997 11
1659181863390 0.6429487466812134 12
1659181867526 0.6117281913757324 13
1659181871687 0.4951431602239609 14
1659181875871 0.44724971055984497 15
1659181879992 0.31521695852279663 16
1659181884053 0.31024816632270813 17
1659181888280 0.3306156247854233 18
1659181892535 0.1635349988937378 19
1659181896736 0.2163323312997818 20
1659181900915 0.1522745043039322 21
1659181905240 0.11348569393157959 22
1659181909565 0.048137541860342026 23
1659181913947 0.08266232907772064 24
1659181918186 0.03395893611013889 25
1659181922449 0.013863658532500267 26
1659181926807 0.05021031014621258 27
1659181931135 0.004760703071951866 28
1659181935513 0.020867833867669106 29
1659181939811 0.01053566299378872 30
1659181944106 0.021031299605965614 31
1659181948507 0.001712968572974205 32
1659181952852 0.0266953706741333 33
1659181957200 0.003623608499765396 34
1659181961603 0.004942337051033974 35
1659181966023 0.002552071586251259 36
1659181970475 0.0027669109404087067 37
1659181974908 0.0029356982558965683 38
