1659181814694 11.605701923370361 0
1659181818603 11.537335395812988 1
1659181822501 11.341211318969727 2
1659181826546 11.266273021697998 3
1659181830560 11.114994049072266 4
1659181834629 11.006568908691406 5
1659181838670 10.812804698944092 6
1659181842753 10.59682559967041 7
1659181846792 10.598212242126465 8
1659181850954 10.538949489593506 9
1659181855116 10.385758876800537 10
1659181859278 10.188583374023438 11
1659181863390 10.017159938812256 12
1659181867526 10.036095142364502 13
1659181871687 9.85644817352295 14
1659181875871 9.927419662475586 15
1659181879992 9.543726444244385 16
1659181884053 9.51714563369751 17
1659181888280 9.603368282318115 18
1659181892535 9.457187175750732 19
1659181896736 9.414423942565918 20
1659181900915 9.26180362701416 21
1659181905240 9.213273048400879 22
1659181909565 9.081840991973877 23
1659181913947 9.02202558517456 24
1659181918186 9.002706527709961 25
1659181922449 8.92464542388916 26
1659181926807 8.926581382751465 27
1659181931135 8.659280776977539 28
1659181935513 8.790776252746582 29
1659181939811 8.761496543884277 30
1659181944106 8.85181999206543 31
1659181948507 8.738511085510254 32
1659181952852 8.70016098022461 33
1659181957200 8.62767744064331 34
1659181961603 8.540496349334717 35
1659181966023 8.591309070587158 36
1659181970475 8.454490661621094 37
1659181974908 8.55179738998413 38
