1659181814694 9.978801727294922 0
1659181818603 9.480459213256836 1
1659181822501 9.002119064331055 2
1659181826546 8.557926177978516 3
1659181830560 8.232114791870117 4
1659181834629 7.677891731262207 5
1659181838670 7.208312034606934 6
1659181842753 6.665085315704346 7
1659181846792 6.406428337097168 8
1659181850954 6.129533767700195 9
1659181855116 5.36644172668457 10
1659181859278 4.895094394683838 11
1659181863390 4.432981967926025 12
1659181867526 4.360083103179932 13
1659181871687 3.7964634895324707 14
1659181875871 3.604999303817749 15
1659181879992 3.1309385299682617 16
1659181884053 3.0015220642089844 17
1659181888280 2.963026285171509 18
1659181892535 2.428165912628174 19
1659181896736 2.391345500946045 20
1659181900915 2.2311720848083496 21
1659181905240 1.9963195323944092 22
1659181909565 1.727254867553711 23
1659181913947 1.7182526588439941 24
1659181918186 1.526672124862671 25
1659181922449 1.3582403659820557 26
1659181926807 1.4744491577148438 27
1659181931135 1.1462578773498535 28
1659181935513 1.2725749015808105 29
1659181939811 1.1220885515213013 30
1659181944106 1.1693027019500732 31
1659181948507 0.9943128824234009 32
1659181952852 1.046093225479126 33
1659181957200 0.945543110370636 34
1659181961603 0.9314011335372925 35
1659181966023 0.8847002387046814 36
1659181970475 0.9031745195388794 37
1659181974908 0.8760299682617188 38
