1659181814694 10.296379089355469 0
1659181818603 10.371896743774414 1
1659181822501 10.164182662963867 2
1659181826546 10.292074203491211 3
1659181830560 10.120508193969727 4
1659181834629 10.148467540740967 5
1659181838670 10.216973304748535 6
1659181842753 10.260685920715332 7
1659181846792 10.40125846862793 8
1659181850954 10.524006366729736 9
1659181855116 10.891757011413574 10
1659181859278 11.148344993591309 11
1659181863390 11.289739608764648 12
1659181867526 11.378462314605713 13
1659181871687 11.547337532043457 14
1659181875871 11.742252349853516 15
1659181879992 11.969964504241943 16
1659181884053 12.28084421157837 17
1659181888280 12.123160362243652 18
1659181892535 12.629464149475098 19
1659181896736 12.81717300415039 20
1659181900915 12.768747329711914 21
1659181905240 12.725822925567627 22
1659181909565 12.998295307159424 23
1659181913947 13.216194152832031 24
1659181918186 13.133869171142578 25
1659181922449 13.512259483337402 26
1659181926807 13.632836818695068 27
1659181931135 13.645580291748047 28
1659181935513 13.493397235870361 29
1659181939811 13.662537097930908 30
1659181944106 13.783265590667725 31
1659181948507 13.979939937591553 32
1659181952852 13.973981857299805 33
1659181957200 14.127774238586426 34
1659181961603 14.056045532226562 35
1659181966023 14.046276569366455 36
1659181970475 14.307567596435547 37
1659181974908 14.286298274993896 38
