1659181814694 22.732035636901855 0
1659181818603 22.792360305786133 1
1659181822501 22.74591636657715 2
1659181826546 22.792929649353027 3
1659181830560 22.73950481414795 4
1659181834629 22.823838233947754 5
1659181838670 22.85278034210205 6
1659181842753 22.907690048217773 7
1659181846792 22.990568161010742 8
1659181850954 23.063257217407227 9
1659181855116 23.261483192443848 10
1659181859278 23.4377498626709 11
1659181863390 23.5124454498291 12
1659181867526 23.63265037536621 13
1659181871687 23.684507369995117 14
1659181875871 23.82128143310547 15
1659181879992 24.004523277282715 16
1659181884053 24.10627269744873 17
1659181888280 24.073908805847168 18
1659181892535 24.26299476623535 19
1659181896736 24.381503105163574 20
1659181900915 24.378905296325684 21
1659181905240 24.31805419921875 22
1659181909565 24.514869689941406 23
1659181913947 24.541175842285156 24
1659181918186 24.49265766143799 25
1659181922449 24.64753532409668 26
1659181926807 24.667503356933594 27
1659181931135 24.721964836120605 28
1659181935513 24.580519676208496 29
1659181939811 24.607755661010742 30
1659181944106 24.694900512695312 31
1659181948507 24.676496505737305 32
1659181952852 24.654998779296875 33
1659181957200 24.740004539489746 34
1659181961603 24.672006607055664 35
1659181966023 24.662429809570312 36
1659181970475 24.731975555419922 37
1659181974908 24.701143264770508 38
