1659181814694 0.0001 0
1659181818603 1e-05 1
1659181822501 2e-05 2
1659181826546 3e-05 3
1659181830560 4e-05 4
1659181834629 5e-05 5
1659181838670 6e-05 6
1659181842753 7e-05 7
1659181846792 8e-05 8
1659181850954 9e-05 9
1659181855116 0.0001 10
1659181859278 0.0001 11
1659181863390 0.0001 12
1659181867526 0.0001 13
1659181871687 0.0001 14
1659181875871 0.0001 15
1659181879992 0.0001 16
1659181884053 0.0001 17
1659181888280 0.0001 18
1659181892535 0.0001 19
1659181896736 0.0001 20
1659181900915 0.0001 21
1659181905240 0.0001 22
1659181909565 0.0001 23
1659181913947 0.0001 24
1659181918186 0.0001 25
1659181922449 0.0001 26
1659181926807 0.0001 27
1659181931135 0.0001 28
1659181935513 0.0001 29
1659181939811 0.0001 30
1659181944106 0.0001 31
1659181948507 0.0001 32
1659181952852 0.0001 33
1659181957200 0.0001 34
1659181961603 0.0001 35
1659181966023 0.0001 36
1659181970475 0.0001 37
1659181974908 0.0001 38
