1659181814694 1.252415120601654 0
1659181818603 1.014274924993515 1
1659181822501 0.900234043598175 2
1659181826546 0.8030728399753571 3
1659181830560 0.6700415909290314 4
1659181834629 0.6002195179462433 5
1659181838670 0.5352247953414917 6
1659181842753 0.4774671345949173 7
1659181846792 0.4284413307905197 8
1659181850954 0.3842649608850479 9
1659181855116 0.34626340866088867 10
1659181859278 0.31332917511463165 11
1659181863390 0.28208597004413605 12
1659181867526 0.2553117200732231 13
1659181871687 0.22912874817848206 14
1659181875871 0.20965057611465454 15
1659181879992 0.18986957520246506 16
1659181884053 0.17315354198217392 17
1659181888280 0.15737232565879822 18
1659181892535 0.1441834196448326 19
1659181896736 0.13290418684482574 20
1659181900915 0.12079722061753273 21
1659181905240 0.10986806824803352 22
1659181909565 0.10276554524898529 23
1659181913947 0.09360912814736366 24
1659181918186 0.08680955320596695 25
1659181922449 0.08060909435153008 26
1659181926807 0.07515672221779823 27
1659181931135 0.06946857646107674 28
1659181935513 0.06460804864764214 29
1659181939811 0.060693494975566864 30
1659181944106 0.05792323313653469 31
1659181948507 0.05455917492508888 32
1659181952852 0.05064610578119755 33
1659181957200 0.04849942401051521 34
1659181961603 0.0458038542419672 35
1659181966023 0.043896984308958054 36
1659181970475 0.041810134425759315 37
1659181974908 0.04012797586619854 38
