1659181814694 3.4992754459381104 0
1659181818603 3.496518611907959 1
1659181822501 3.474782943725586 2
1659181826546 3.4399043321609497 3
1659181830560 3.417356491088867 4
1659181834629 3.3585455417633057 5
1659181838670 3.2889158725738525 6
1659181842753 3.1969308853149414 7
1659181846792 3.103795051574707 8
1659181850954 2.9938766956329346 9
1659181855116 2.8525999784469604 10
1659181859278 2.71036696434021 11
1659181863390 2.5742279291152954 12
1659181867526 2.4398739337921143 13
1659181871687 2.295081377029419 14
1659181875871 2.172179102897644 15
1659181879992 2.008981466293335 16
1659181884053 1.8947035074234009 17
1659181888280 1.8064138889312744 18
1659181892535 1.6538746356964111 19
1659181896736 1.5510269403457642 20
1659181900915 1.4682042002677917 21
1659181905240 1.4041444063186646 22
1659181909565 1.2970242500305176 23
1659181913947 1.2182291150093079 24
1659181918186 1.164146065711975 25
1659181922449 1.0894302725791931 26
1659181926807 1.037179559469223 27
1659181931135 0.9764968156814575 28
1659181935513 0.9610047042369843 29
1659181939811 0.9300521016120911 30
1659181944106 0.9094493985176086 31
1659181948507 0.8757565021514893 32
1659181952852 0.8510975539684296 33
1659181957200 0.8345493674278259 34
1659181961603 0.8253331184387207 35
1659181966023 0.8058582544326782 36
1659181970475 0.7991659343242645 37
1659181974908 0.7966930568218231 38
