1659181814694 3.2092151641845703 0
1659181818603 3.0443416833877563 1
1659181822501 2.7429232597351074 2
1659181826546 2.5150234699249268 3
1659181830560 2.4262747764587402 4
1659181834629 2.097209334373474 5
1659181838670 1.917123019695282 6
1659181842753 1.6981019377708435 7
1659181846792 1.6826741695404053 8
1659181850954 1.6302804946899414 9
1659181855116 1.2283294796943665 10
1659181859278 1.0980548858642578 11
1659181863390 0.9337193369865417 12
1659181867526 1.053169310092926 13
1659181871687 0.7771101593971252 14
1659181875871 0.7759198546409607 15
1659181879992 0.6168705224990845 16
1659181884053 0.6234168112277985 17
1659181888280 0.6686245203018188 18
1659181892535 0.46657276153564453 19
1659181896736 0.4910818934440613 20
1659181900915 0.4898959696292877 21
1659181905240 0.3688213676214218 22
1659181909565 0.2793274074792862 23
1659181913947 0.32375212013721466 24
1659181918186 0.24175753444433212 25
1659181922449 0.1743372678756714 26
1659181926807 0.31190259754657745 27
1659181931135 0.09553187713027 28
1659181935513 0.22609425336122513 29
1659181939811 0.12080729380249977 30
1659181944106 0.18089880794286728 31
1659181948507 0.062284283339977264 32
1659181952852 0.1176542267203331 33
1659181957200 0.05887069180607796 34
1659181961603 0.05532176420092583 35
1659181966023 0.03239293023943901 36
1659181970475 0.059431493282318115 37
1659181974908 0.03627321869134903 38
