1658904062424 2.2574922696198567 0
1658904090169 1.4691162764435948 1
1658904119563 0.6965885305521535 2
1658904147952 0.4019232962061377 3
1658904176315 0.2574187623081254 4
1658904204464 0.1762262273690488 5
1658904232624 0.12046300527630466 6
1658904260740 0.08669781913556675 7
1658904287908 0.06618759340357662 8
1658904316794 0.05445599706271793 9
1658904344137 0.04291872763176366 10
1658904373202 0.03677072163269508 11
1658904401417 0.034000058704074104 12
1658904429637 0.027756572189722575 13
1658904458004 0.01962687705150422 14
1658904486497 0.017711713225306833 15
1658904514908 0.016400680210733532 16
1658904543069 0.015250126374702827 17
1658904571097 0.012825835948016975 18
1658904598172 0.011800932439763358 19
1658904627045 0.011570669931940513 20
1658904655047 0.00871173992273536 21
1658904682311 0.009644003944600573 22
1658904711541 0.006963846684597871 23
1658904739695 0.008207763010396225 24
1658904767980 0.008114863749556613 25
1658904795161 0.007889095232775896 26
1658904824005 0.005456031410779693 27
1658904852028 0.006289857605675069 28
1658904880118 0.00571919376454731 29
1658904908186 0.006805888893506904 30
1658904936228 0.003824830811360095 31
1658904964200 0.005606098736793098 32
1658904991354 0.005299659132367313 33
1658905020252 0.005683989430049268 34
1658905047389 0.004910669372518464 35
1658905076198 0.00422846675287969 36
1658905104264 0.004899077809019254 37
1658905132330 0.004844290010704852 38
1658905263164 0.004014020066450138 39
1658905290412 0.00273356330350484 40
1658905319505 0.002909693081735396 41
1658905347789 0.002177199814468622 42
1658905375802 0.0014221621216228694 43
1658905403031 0.0017828678454060367 44
1658905432042 0.0020879626219325207 45
1658905460258 0.0015242114462250588 46
1658905488542 0.001439384422173687 47
1658905516568 0.0014627585925235606 48
1658905544420 0.001803752993888194 49
1658905572491 0.002019798383116722 50
1658905600521 0.0014361965257932644 51
1658905628634 0.0016204860098291151 52
1658905656775 0.0012680910490822084 53
1658905684866 0.001280085395763416 54
1658905712964 0.001516073388923513 55
1658905740350 0.001349172757772526 56
1658905769584 0.0016923728033754171 57
1658905797749 0.0013162187383611603 58
1658905826014 0.0010303120488430013 59
1658905854027 0.0014120409965957745 60
1658905882110 0.0009215525213149515 61
1658905909298 0.0013463502049003498 62
1658905938367 0.0011402588228092475 63
1658905966740 0.001147795103344263 64
1658905995018 0.0011594672139514895 65
1658906023387 0.001570904855707697 66
1658906051458 0.0009195789104641074 67
1658906078648 0.0011473468477183049 68
1658906107504 0.0013732784934858285 69
1658906135659 0.0011462291684186103 70
1658906163012 0.0007587899684463397 71
1658906191856 0.0010654803199490698 72
1658906219465 0.0009344931562790777 73
1658906248579 0.0006982157207733276 74
1658906276951 0.0009557944631167487 75
1658906305412 0.0010575910518858948 76
1658906333718 0.0011587092908574086 77
1658906361833 0.001382262556638458 78
1658906490738 0.0009707534445984529 79
1658906519426 0.0008147400112287833 80
1658906546384 0.000975342753278737 81
1658906575493 0.0007448104009324429 82
1658906603548 0.0007483707279852121 83
1658906631620 0.0006781601264040069 84
1658906658811 0.0010022748224806078 85
1658906687908 0.0008057206777819231 86
1658906715992 0.001118846624942109 87
1658906743179 0.0009848914284369733 88
1658906771981 0.0013819713108610399 89
1658906800079 0.0011892620621636362 90
1658906828202 0.0006612223287177558 91
1658906855378 0.001005073382270218 92
1658906884282 0.0013086182701558169 93
1658906912349 0.0008240016361716951 94
1658906939536 0.0011558822623573908 95
1658906968603 0.0007788021866159112 96
1658906996759 0.0007605863753340992 97
1658907024862 0.0009106184254483421 98
1658907051998 0.0008338659559146012 99
1658907080841 0.0006792565051576879 100
1658907108057 0.0008848471069099879 101
1658907136863 0.0007733311135284972 102
1658907164857 0.0007728563787618486 103
1658907192078 0.0006396492002624096 104
1658907221246 0.0010831913563842867 105
1658907249618 0.0007683320938810414 106
1658907277610 0.000991191373824483 107
1658907305999 0.0007027541333348445 108
1658907334033 0.0008947501733604044 109
1658907361963 0.0012998984997520352 110
1658907389205 0.0007373390461106111 111
1658907418076 0.0010989428875912534 112
1658907445239 0.0007542142699850668 113
1658907474205 0.0008805120031874959 114
1658907502136 0.0007235499578389791 115
1658907529189 0.0005131058745307497 116
1658907558301 0.0010157995857298374 117
1658907586560 0.0009667358142049873 118
1658907614626 0.0011646420243057874 119
