1658904062424 11.338838161808429 0
1658904090169 8.805620311510445 1
1658904119563 4.2143007657107185 2
1658904147952 2.4882339729982266 3
1658904176315 2.2066495348425472 4
1658904204464 2.17271893567378 5
1658904232624 2.258043581896489 6
1658904260740 2.3538668509757166 7
1658904287908 2.411484132898916 8
1658904316794 2.5115240163142136 9
1658904344137 2.5774423674781723 10
1658904373202 2.6975250875248626 11
1658904401417 2.7349339139227773 12
1658904429637 2.747069629968381 13
1658904458004 2.856225097880644 14
1658904486497 2.8875757455825806 15
1658904514908 2.9237961301616595 16
1658904543069 2.965121636203691 17
1658904571097 3.0092333590630256 18
1658904598172 3.041112217572656 19
1658904627045 3.009601349877839 20
1658904655047 3.0170525465861404 21
1658904682311 3.0806659967592447 22
1658904711541 3.0276317993799844 23
1658904739695 3.07897157008105 24
1658904767980 3.090536667568849 25
1658904795161 3.058464782072766 26
1658904824005 3.130933147845882 27
1658904852028 3.1017782947804666 28
1658904880118 3.081107533804261 29
1658904908186 3.05059815633415 30
1658904936228 3.1002214379829938 31
1658904964200 3.1152666299649985 32
1658904991354 3.1181182460029526 33
1658905020252 3.079132634814423 34
1658905047389 3.0877288214050895 35
1658905076198 3.110786999806319 36
1658905104264 3.0984073558656298 37
1658905132330 3.0969271895909074 38
1658905263164 3.1091824309660656 39
1658905290412 3.1016544705570332 40
1658905319505 3.0685849797491933 41
1658905347789 3.0706662617477716 42
1658905375802 3.068280028824759 43
1658905403031 3.0759079574358346 44
1658905432042 3.0724721539254283 45
1658905460258 3.0737122203789506 46
1658905488542 3.04101928542642 47
1658905516568 3.0582540153276803 48
1658905544420 3.060696318598077 49
1658905572491 3.0396479875734537 50
1658905600521 3.019874872547565 51
1658905628634 3.0305958219093854 52
1658905656775 3.021929445833263 53
1658905684866 3.013323814562052 54
1658905712964 3.0092771549036006 55
1658905740350 3.013416037701144 56
1658905769584 3.0064117113749185 57
1658905797749 2.9979990685340203 58
1658905826014 2.9939905912569253 59
1658905854027 2.987082809504896 60
1658905882110 2.9748215628142405 61
1658905909298 2.9526629235484814 62
1658905938367 2.967214930291269 63
1658905966740 2.981338302294413 64
1658905995018 2.988410101217382 65
1658906023387 2.968460246628406 66
1658906051458 2.949010166791406 67
1658906078648 2.946354639412153 68
1658906107504 2.9399396712237067 69
1658906135659 2.938117098100115 70
1658906163012 2.929485578348141 71
1658906191856 2.9392970009605484 72
1658906219465 2.9348172622151893 73
1658906248579 2.9473703421798407 74
1658906276951 2.9465518652224074 75
1658906305412 2.948357624166152 76
1658906333718 2.949113990746292 77
1658906361833 2.9439011989253583 78
1658906490738 2.9387314555668596 79
1658906519426 2.945169455934279 80
1658906546384 2.958287076194688 81
1658906575493 2.9460461630540737 82
1658906603548 2.93983788537507 83
1658906631620 2.9502791414166443 84
1658906658811 2.952005756963598 85
1658906687908 2.947091682284486 86
1658906715992 2.9429190630959994 87
1658906743179 2.9495052606752603 88
1658906771981 2.935335607811956 89
1658906800079 2.9316553479374043 90
1658906828202 2.9247564466873017 91
1658906855378 2.9350067270864355 92
1658906884282 2.927578033787189 93
1658906912349 2.9224909933486787 94
1658906939536 2.9264155567282497 95
1658906968603 2.9293400586820115 96
1658906996759 2.9332144424027087 97
1658907024862 2.927207849993564 98
1658907051998 2.9329423337879748 99
1658907080841 2.929608227002739 100
1658907108057 2.931744370130029 101
1658907136863 2.9352543991391022 102
1658907164857 2.923142411921284 103
1658907192078 2.9165000632257745 104
1658907221246 2.926402580504324 105
1658907249618 2.929472892892127 106
1658907277610 2.9338409947876882 107
1658907305999 2.9291120779396285 108
1658907334033 2.927318742959806 109
1658907361963 2.9290465340755953 110
1658907389205 2.921058961660555 111
1658907418076 2.91813600181353 112
1658907445239 2.9257591809376633 113
1658907474205 2.9258594394910453 114
1658907502136 2.9189746214611696 115
1658907529189 2.924506600540463 116
1658907558301 2.929618230053023 117
1658907586560 2.9265616454330146 118
1658907614626 2.930655465267672 119
