1658904062424 9.629496026747297 0
1658904090169 7.944869735453389 1
1658904119563 4.119609500847611 2
1658904147952 2.706156704940048 3
1658904176315 2.677422986311071 4
1658904204464 2.857794426455356 5
1658904232624 3.1417503026452396 6
1658904260740 3.418649725394674 7
1658904287908 3.6059338314698475 8
1658904316794 3.8169684103219814 9
1658904344137 3.9661157650522667 10
1658904373202 4.186800545337153 11
1658904401417 4.252965352114509 12
1658904429637 4.337637676912196 13
1658904458004 4.5724104198755 14
1658904486497 4.652322161431406 15
1658904514908 4.701312579360663 16
1658904543069 4.768775617375093 17
1658904571097 4.885908584783573 18
1658904598172 4.942369904848609 19
1658904627045 4.924661055649861 20
1658904655047 4.942237344118628 21
1658904682311 5.06221072036441 22
1658904711541 5.034207834916956 23
1658904739695 5.106451327257817 24
1658904767980 5.134281984650262 25
1658904795161 5.1104972999874905 26
1658904824005 5.229645294718223 27
1658904852028 5.2130603223744005 28
1658904880118 5.177543880915878 29
1658904908186 5.139309429886318 30
1658904936228 5.236791818448813 31
1658904964200 5.261086624447662 32
1658904991354 5.265190936551235 33
1658905020252 5.237632406820165 34
1658905047389 5.256488738673748 35
1658905076198 5.295754701784341 36
1658905104264 5.275737413085333 37
1658905132330 5.304093615843518 38
1658905263164 5.324928052354567 39
1658905290412 5.383454842142539 40
1658905319505 5.371747853709202 41
1658905347789 5.387385882583319 42
1658905375802 5.420872999890016 43
1658905403031 5.424052011848676 44
1658905432042 5.427306451049506 45
1658905460258 5.444698604882932 46
1658905488542 5.412305668288586 47
1658905516568 5.416796943928936 48
1658905544420 5.437931858667053 49
1658905572491 5.427437428200599 50
1658905600521 5.404300883264825 51
1658905628634 5.430800664542925 52
1658905656775 5.424357867476964 53
1658905684866 5.445547122766476 54
1658905712964 5.426678751954938 55
1658905740350 5.425719601092952 56
1658905769584 5.3925246257407995 57
1658905797749 5.403766405464399 58
1658905826014 5.421717096083235 59
1658905854027 5.400622495330206 60
1658905882110 5.397224091067173 61
1658905909298 5.363322583755644 62
1658905938367 5.374738029405182 63
1658905966740 5.392057643217199 64
1658905995018 5.425373806672938 65
1658906023387 5.39353011636173 66
1658906051458 5.372649065338739 67
1658906078648 5.379138361109366 68
1658906107504 5.343451315813725 69
1658906135659 5.351630772694503 70
1658906163012 5.369619445045395 71
1658906191856 5.3530493160285575 72
1658906219465 5.3586618215730875 73
1658906248579 5.374703215617759 74
1658906276951 5.381185713936301 75
1658906305412 5.38839181731729 76
1658906333718 5.395518321616977 77
1658906361833 5.394383633490836 78
1658906490738 5.381995781813518 79
1658906519426 5.398809263021639 80
1658906546384 5.393081504519623 81
1658906575493 5.394984488393746 82
1658906603548 5.402580478403828 83
1658906631620 5.4132407018453765 84
1658906658811 5.41101338603709 85
1658906687908 5.392534816966338 86
1658906715992 5.380650987719545 87
1658906743179 5.397589768513595 88
1658906771981 5.386661638127695 89
1658906800079 5.380237404662783 90
1658906828202 5.379434708321448 91
1658906855378 5.365033588787116 92
1658906884282 5.354399171206031 93
1658906912349 5.381352533208261 94
1658906939536 5.387381138187824 95
1658906968603 5.380590836207072 96
1658906996759 5.38108268438601 97
1658907024862 5.374651998576551 98
1658907051998 5.3710077776767235 99
1658907080841 5.394131651019106 100
1658907108057 5.380032940666275 101
1658907136863 5.362966046474948 102
1658907164857 5.364751504199339 103
1658907192078 5.371374153854823 104
1658907221246 5.366510956895118 105
1658907249618 5.386860758650537 106
1658907277610 5.38634986688595 107
1658907305999 5.383612009558347 108
1658907334033 5.374830996636117 109
1658907361963 5.359983906887545 110
1658907389205 5.370124377826653 111
1658907418076 5.3582063476638035 112
1658907445239 5.374082603076897 113
1658907474205 5.368069587367596 114
1658907502136 5.37399936430525 115
1658907529189 5.380846509839048 116
1658907558301 5.372163220947864 117
1658907586560 5.373713483997419 118
1658907614626 5.361169966140596 119
