1658904062424 12.682623863220215 0
1658904090169 10.455680847167969 1
1658904119563 8.315030097961426 2
1658904147952 6.9709954261779785 3
1658904176315 5.848606109619141 4
1658904204464 4.9005303382873535 5
1658904232624 4.060500144958496 6
1658904260740 3.365443468093872 7
1658904287908 2.84165358543396 8
1658904316794 2.438416004180908 9
1658904344137 2.1373507976531982 10
1658904373202 1.9491050243377686 11
1658904401417 1.833006739616394 12
1658904429637 1.705785870552063 13
1658904458004 1.6102056503295898 14
1658904486497 1.5492781400680542 15
1658904514908 1.5251123905181885 16
1658904543069 1.4850257635116577 17
1658904571097 1.4450201988220215 18
1658904598172 1.4182995557785034 19
1658904627045 1.4008365869522095 20
1658904655047 1.3759101629257202 21
1658904682311 1.3661656379699707 22
1658904711541 1.326509714126587 23
1658904739695 1.3284493684768677 24
1658904767980 1.3238391876220703 25
1658904795161 1.3092950582504272 26
1658904824005 1.2931052446365356 27
1658904852028 1.2835580110549927 28
1658904880118 1.282631754875183 29
1658904908186 1.2833970785140991 30
1658904936228 1.2540494203567505 31
1658904964200 1.2597471475601196 32
1658904991354 1.250812292098999 33
1658905020252 1.2456036806106567 34
1658905047389 1.2379175424575806 35
1658905076198 1.2327722311019897 36
1658905104264 1.2353994846343994 37
1658905132330 1.2331390380859375 38
1658905263164 1.2192347049713135 39
1658905290412 1.1978095769882202 40
1658905319505 1.1727397441864014 41
1658905347789 1.1634756326675415 42
1658905375802 1.1519148349761963 43
1658905403031 1.1549135446548462 44
1658905432042 1.1521533727645874 45
1658905460258 1.1459671258926392 46
1658905488542 1.1447054147720337 47
1658905516568 1.1441463232040405 48
1658905544420 1.1452641487121582 49
1658905572491 1.1382577419281006 50
1658905600521 1.1367998123168945 51
1658905628634 1.1355823278427124 52
1658905656775 1.1345560550689697 53
1658905684866 1.1314523220062256 54
1658905712964 1.1297016143798828 55
1658905740350 1.129091739654541 56
1658905769584 1.1321282386779785 57
1658905797749 1.126269817352295 58
1658905826014 1.121737003326416 59
1658905854027 1.1300420761108398 60
1658905882110 1.1227856874465942 61
1658905909298 1.1228382587432861 62
1658905938367 1.1232608556747437 63
1658905966740 1.122430443763733 64
1658905995018 1.1212049722671509 65
1658906023387 1.1217237710952759 66
1658906051458 1.1177338361740112 67
1658906078648 1.1162058115005493 68
1658906107504 1.1156083345413208 69
1658906135659 1.1142228841781616 70
1658906163012 1.1093542575836182 71
1658906191856 1.1125913858413696 72
1658906219465 1.1132094860076904 73
1658906248579 1.108982801437378 74
1658906276951 1.1103368997573853 75
1658906305412 1.1105666160583496 76
1658906333718 1.1123392581939697 77
1658906361833 1.1124330759048462 78
1658906490738 1.111558198928833 79
1658906519426 1.1076600551605225 80
1658906546384 1.1132394075393677 81
1658906575493 1.109966516494751 82
1658906603548 1.10695219039917 83
1658906631620 1.1062809228897095 84
1658906658811 1.1089513301849365 85
1658906687908 1.1076244115829468 86
1658906715992 1.1108211278915405 87
1658906743179 1.1107748746871948 88
1658906771981 1.1120854616165161 89
1658906800079 1.110268235206604 90
1658906828202 1.103760004043579 91
1658906855378 1.1096339225769043 92
1658906884282 1.1130691766738892 93
1658906912349 1.1047320365905762 94
1658906939536 1.1095091104507446 95
1658906968603 1.1054412126541138 96
1658906996759 1.1064852476119995 97
1658907024862 1.1048588752746582 98
1658907051998 1.103726863861084 99
1658907080841 1.1039034128189087 100
1658907108057 1.1049988269805908 101
1658907136863 1.1075515747070312 102
1658907164857 1.1051193475723267 103
1658907192078 1.1016393899917603 104
1658907221246 1.1084954738616943 105
1658907249618 1.1056106090545654 106
1658907277610 1.105479121208191 107
1658907305999 1.1054333448410034 108
1658907334033 1.1066986322402954 109
1658907361963 1.1093530654907227 110
1658907389205 1.1018580198287964 111
1658907418076 1.1082642078399658 112
1658907445239 1.1034401655197144 113
1658907474205 1.1056007146835327 114
1658907502136 1.102277398109436 115
1658907529189 1.101251482963562 116
1658907558301 1.107547640800476 117
1658907586560 1.105104684829712 118
1658907614626 1.1071813106536865 119
