1658904062424 22.342955032197555 0
1658904090169 20.34465532963819 1
1658904119563 13.971057770298977 2
1658904147952 11.132173435360778 3
1658904176315 10.740157473321055 4
1658904204464 10.803290159395425 5
1658904232624 11.036685254314158 6
1658904260740 11.287379330927783 7
1658904287908 11.441596286131604 8
1658904316794 11.671419719658276 9
1658904344137 11.793465642645808 10
1658904373202 11.990797837575277 11
1658904401417 12.037800545785942 12
1658904429637 12.062182697595334 13
1658904458004 12.296169243606867 14
1658904486497 12.308375835418701 15
1658904514908 12.36575984954834 16
1658904543069 12.4360639815237 17
1658904571097 12.509201087573967 18
1658904598172 12.571986349502412 19
1658904627045 12.509535100200388 20
1658904655047 12.487770864278962 21
1658904682311 12.62189804681457 22
1658904711541 12.524177803712732 23
1658904739695 12.599250085283034 24
1658904767980 12.592138233751353 25
1658904795161 12.523082223269018 26
1658904824005 12.618199102949388 27
1658904852028 12.509889451584014 28
1658904880118 12.452477946139798 29
1658904908186 12.420890269893231 30
1658904936228 12.523708504025299 31
1658904964200 12.544509774387473 32
1658904991354 12.499587672771794 33
1658905020252 12.427632256309584 34
1658905047389 12.452416844887308 35
1658905076198 12.456994632683179 36
1658905104264 12.426476015902981 37
1658905132330 12.420047533394087 38
1658905263164 12.445318354238378 39
1658905290412 12.502800450466648 40
1658905319505 12.419422149658203 41
1658905347789 12.395462578418208 42
1658905375802 12.419885540952777 43
1658905403031 12.409922297638241 44
1658905432042 12.388448481466256 45
1658905460258 12.38913465013691 46
1658905488542 12.314182094499177 47
1658905516568 12.364591796799461 48
1658905544420 12.37952177595384 49
1658905572491 12.340288842078483 50
1658905600521 12.294797699050148 51
1658905628634 12.321765824119643 52
1658905656775 12.296682480538246 53
1658905684866 12.287358567266182 54
1658905712964 12.267924044391897 55
1658905740350 12.264632697152619 56
1658905769584 12.236691175722608 57
1658905797749 12.227210734150198 58
1658905826014 12.234381864566615 59
1658905854027 12.195629318161766 60
1658905882110 12.184353922853376 61
1658905909298 12.117858376833471 62
1658905938367 12.13457441329956 63
1658905966740 12.157819897520776 64
1658905995018 12.171711762746176 65
1658906023387 12.12528158636654 66
1658906051458 12.084670869430694 67
1658906078648 12.077244210951399 68
1658906107504 12.055468011610579 69
1658906135659 12.041438083837528 70
1658906163012 12.05342133210437 71
1658906191856 12.048856659690932 72
1658906219465 12.048827652884002 73
1658906248579 12.071948201048608 74
1658906276951 12.085094769795736 75
1658906305412 12.086624669093712 76
1658906333718 12.08886380289115 77
1658906361833 12.080886897474233 78
1658906490738 12.069430842257962 79
1658906519426 12.084431327215515 80
1658906546384 12.084041925940182 81
1658906575493 12.075663445042629 82
1658906603548 12.069584685977143 83
1658906631620 12.083298541531704 84
1658906658811 12.096636696617201 85
1658906687908 12.086139183418423 86
1658906715992 12.055830568370252 87
1658906743179 12.071535525935712 88
1658906771981 12.060539283374748 89
1658906800079 12.037089470589516 90
1658906828202 12.032370888360656 91
1658906855378 12.024195416138904 92
1658906884282 12.018640178264958 93
1658906912349 12.024062468273804 94
1658906939536 12.04228687286377 95
1658906968603 12.02711991702809 96
1658906996759 12.023998026754342 97
1658907024862 12.02335775016558 98
1658907051998 12.029755403499792 99
1658907080841 12.034271202465096 100
1658907108057 12.015836951756242 101
1658907136863 12.00386875454742 102
1658907164857 12.003801619652474 103
1658907192078 12.006865954635167 104
1658907221246 12.005322727502561 105
1658907249618 12.02141913245706 106
1658907277610 12.028654495088182 107
1658907305999 12.022332739121843 108
1658907334033 12.008532967897924 109
1658907361963 11.992807699902222 110
1658907389205 11.992685705128283 111
1658907418076 11.99275012063508 112
1658907445239 12.004024515057555 113
1658907474205 11.999863652899714 114
1658907502136 12.006949585263092 115
1658907529189 12.00519593871466 116
1658907558301 12.007139692119523 117
1658907586560 12.005403331681794 118
1658907614626 12.008920622344064 119
