1658904062424 0.0001 0
1658904090169 1e-05 1
1658904119563 2e-05 2
1658904147952 3e-05 3
1658904176315 4e-05 4
1658904204464 5e-05 5
1658904232624 6e-05 6
1658904260740 7e-05 7
1658904287908 8e-05 8
1658904316794 9e-05 9
1658904344137 0.0001 10
1658904373202 0.0001 11
1658904401417 0.0001 12
1658904429637 0.0001 13
1658904458004 0.0001 14
1658904486497 0.0001 15
1658904514908 0.0001 16
1658904543069 0.0001 17
1658904571097 0.0001 18
1658904598172 0.0001 19
1658904627045 0.0001 20
1658904655047 0.0001 21
1658904682311 0.0001 22
1658904711541 0.0001 23
1658904739695 0.0001 24
1658904767980 0.0001 25
1658904795161 0.0001 26
1658904824005 0.0001 27
1658904852028 0.0001 28
1658904880118 0.0001 29
1658904908186 0.0001 30
1658904936228 0.0001 31
1658904964200 0.0001 32
1658904991354 0.0001 33
1658905020252 0.0001 34
1658905047389 0.0001 35
1658905076198 0.0001 36
1658905104264 0.0001 37
1658905132330 0.0001 38
1658905263164 0.0001 39
1658905290412 1e-05 40
1658905319505 1e-05 41
1658905347789 1e-05 42
1658905375802 1e-05 43
1658905403031 1e-05 44
1658905432042 1e-05 45
1658905460258 1e-05 46
1658905488542 1e-05 47
1658905516568 1e-05 48
1658905544420 1e-05 49
1658905572491 1e-05 50
1658905600521 1e-05 51
1658905628634 1e-05 52
1658905656775 1e-05 53
1658905684866 1e-05 54
1658905712964 1e-05 55
1658905740350 1e-05 56
1658905769584 1e-05 57
1658905797749 1e-05 58
1658905826014 1e-05 59
1658905854027 1e-05 60
1658905882110 1e-05 61
1658905909298 1e-05 62
1658905938367 1e-05 63
1658905966740 1e-05 64
1658905995018 1e-05 65
1658906023387 1e-05 66
1658906051458 1e-05 67
1658906078648 1e-05 68
1658906107504 1e-05 69
1658906135659 1.0000000000000002e-06 70
1658906163012 1.0000000000000002e-06 71
1658906191856 1.0000000000000002e-06 72
1658906219465 1.0000000000000002e-06 73
1658906248579 1.0000000000000002e-06 74
1658906276951 1.0000000000000002e-06 75
1658906305412 1.0000000000000002e-06 76
1658906333718 1.0000000000000002e-06 77
1658906361833 1.0000000000000002e-06 78
1658906490738 1.0000000000000002e-06 79
1658906519426 1.0000000000000002e-06 80
1658906546384 1.0000000000000002e-06 81
1658906575493 1.0000000000000002e-06 82
1658906603548 1.0000000000000002e-06 83
1658906631620 1.0000000000000002e-06 84
1658906658811 1.0000000000000002e-06 85
1658906687908 1.0000000000000002e-06 86
1658906715992 1.0000000000000002e-06 87
1658906743179 1.0000000000000002e-06 88
1658906771981 1.0000000000000002e-06 89
1658906800079 1.0000000000000002e-06 90
1658906828202 1.0000000000000002e-06 91
1658906855378 1.0000000000000002e-06 92
1658906884282 1.0000000000000002e-06 93
1658906912349 1.0000000000000002e-06 94
1658906939536 1.0000000000000002e-06 95
1658906968603 1.0000000000000002e-06 96
1658906996759 1.0000000000000002e-06 97
1658907024862 1.0000000000000002e-06 98
1658907051998 1.0000000000000002e-06 99
1658907080841 1.0000000000000002e-06 100
1658907108057 1.0000000000000002e-06 101
1658907136863 1.0000000000000002e-06 102
1658907164857 1.0000000000000002e-06 103
1658907192078 1.0000000000000002e-06 104
1658907221246 1.0000000000000002e-06 105
1658907249618 1.0000000000000002e-06 106
1658907277610 1.0000000000000002e-06 107
1658907305999 1.0000000000000002e-06 108
1658907334033 1.0000000000000002e-06 109
1658907361963 1.0000000000000002e-06 110
1658907389205 1.0000000000000002e-06 111
1658907418076 1.0000000000000002e-06 112
1658907445239 1.0000000000000002e-06 113
1658907474205 1.0000000000000002e-06 114
1658907502136 1.0000000000000002e-06 115
1658907529189 1.0000000000000002e-06 116
1658907558301 1.0000000000000002e-06 117
1658907586560 1.0000000000000002e-06 118
1658907614626 1.0000000000000002e-06 119
