1658904062424 2.686209234860864 0
1658904090169 1.7338230727922799 1
1658904119563 1.0064617693424225 2
1658904147952 0.7267280670942045 3
1658904176315 0.5992889652649561 4
1658904204464 0.4857500481723559 5
1658904232624 0.3950167231925643 6
1658904260740 0.32889947531246905 7
1658904287908 0.27693698016723783 8
1658904316794 0.23550522895437656 9
1658904344137 0.19897118793560728 10
1658904373202 0.18066650935832193 11
1658904401417 0.16589252665346743 12
1658904429637 0.14039602868405043 13
1658904458004 0.11536850513634729 14
1658904486497 0.10437572776686911 15
1658904514908 0.10339027223195515 16
1658904543069 0.09396718268958378 17
1658904571097 0.08425056364497926 18
1658904598172 0.07832464750966814 19
1658904627045 0.07667575614287121 20
1658904655047 0.06686135883083438 21
1658904682311 0.06642289775064086 22
1658904711541 0.05440548049541665 23
1658904739695 0.056988982686606966 24
1658904767980 0.056471972145361475 25
1658904795161 0.0525280279798968 26
1658904824005 0.04757428591573002 27
1658904852028 0.04745303188441413 28
1658904880118 0.04604042572255182 29
1658904908186 0.04910787383075988 30
1658904936228 0.03652142591331855 31
1658904964200 0.04349772781502492 32
1658904991354 0.039360263209679336 33
1658905020252 0.04063692220514364 34
1658905047389 0.037813716485063625 35
1658905076198 0.035369324580867695 36
1658905104264 0.036410103432170236 37
1658905132330 0.03576152395493913 38
1658905263164 0.0328225790163373 39
1658905290412 0.02546695594002705 40
1658905319505 0.022847835120617176 41
1658905347789 0.02003642551454843 42
1658905375802 0.016288663528048166 43
1658905403031 0.01800219150315417 44
1658905432042 0.018190203307598244 45
1658905460258 0.01602511170009772 46
1658905488542 0.01614527081084602 47
1658905516568 0.016185782462506012 48
1658905544420 0.015616582393056095 49
1658905572491 0.015377189595215392 50
1658905600521 0.014378682590357147 51
1658905628634 0.013370187067897013 52
1658905656775 0.013582745364101806 53
1658905684866 0.013011346709462676 54
1658905712964 0.013133543442086419 55
1658905740350 0.013889844022174873 56
1658905769584 0.013799838502617442 57
1658905797749 0.012328304405702224 58
1658905826014 0.010792247047371204 59
1658905854027 0.014603368550686552 60
1658905882110 0.011103768436477916 61
1658905909298 0.01254785757991347 62
1658905938367 0.013057737848630138 63
1658905966740 0.012057680709689272 64
1658905995018 0.012172518736299346 65
1658906023387 0.01226833378713505 66
1658906051458 0.01038323479271171 67
1658906078648 0.010741445429549358 68
1658906107504 0.011670775342695784 69
1658906135659 0.0101376459703292 70
1658906163012 0.008783477183320735 71
1658906191856 0.010478194286622623 72
1658906219465 0.00965760948855688 73
1658906248579 0.008647141083344525 74
1658906276951 0.010471879942890476 75
1658906305412 0.010600055987928427 76
1658906333718 0.010285187695248454 77
1658906361833 0.011502621898261628 78
1658906490738 0.011316240940353658 79
1658906519426 0.008781856147222 80
1658906546384 0.010491536266290315 81
1658906575493 0.008937305076887794 82
1658906603548 0.008976751698715852 83
1658906631620 0.008820822886606254 84
1658906658811 0.009716110820374867 85
1658906687908 0.009164712227442685 86
1658906715992 0.010145132494444894 87
1658906743179 0.011062571723567376 88
1658906771981 0.011678082038565437 89
1658906800079 0.010084141562185666 90
1658906828202 0.008146731385795197 91
1658906855378 0.010025405813709344 92
1658906884282 0.01236421314280222 93
1658906912349 0.008132726046265942 94
1658906939536 0.009990890427391128 95
1658906968603 0.009333787613785734 96
1658906996759 0.008373250125669966 97
1658907024862 0.009195565310592698 98
1658907051998 0.008124198617026358 99
1658907080841 0.00881114037762774 100
1658907108057 0.008185706792934106 101
1658907136863 0.009585618714589884 102
1658907164857 0.008680020486659343 103
1658907192078 0.008545977386212584 104
1658907221246 0.009909676680085706 105
1658907249618 0.009189425456319369 106
1658907277610 0.009541811071114965 107
1658907305999 0.009064400236647908 108
1658907334033 0.009538550151161628 109
1658907361963 0.011266176210771693 110
1658907389205 0.008041392661409803 111
1658907418076 0.010479951646215844 112
1658907445239 0.008708329576224383 113
1658907474205 0.008979761327552323 114
1658907502136 0.008715693884999445 115
1658907529189 0.00762959215605613 116
1658907558301 0.010065674179178826 117
1658907586560 0.008913094871768765 118
1658907614626 0.010555319635584802 119
