1658904062424 1.1398104907262443 0
1658904090169 0.7879305458304906 1
1658904119563 0.5049056317292008 2
1658904147952 0.36112843293185326 3
1658904176315 0.27458083980223713 4
1658904204464 0.2160588989015853 5
1658904232624 0.17220964356519208 6
1658904260740 0.13924921654386097 7
1658904287908 0.11391406187252832 8
1658904316794 0.09459955366051728 9
1658904344137 0.07922814768914244 10
1658904373202 0.06671781550782423 11
1658904401417 0.056776854177644734 12
1658904429637 0.048765203787707816 13
1658904458004 0.04275590866146719 14
1658904486497 0.03733972798777269 15
1658904514908 0.03290649815736448 16
1658904543069 0.029196329679632305 17
1658904571097 0.026447759775242004 18
1658904598172 0.02383766946668672 19
1658904627045 0.021306224397872345 20
1658904655047 0.019305596026674945 21
1658904682311 0.017848220455580124 22
1658904711541 0.016047598045392363 23
1658904739695 0.015047667229935379 24
1658904767980 0.013970850953039262 25
1658904795161 0.012848187122715286 26
1658904824005 0.012243217724089575 27
1658904852028 0.011376928667178248 28
1658904880118 0.01063256357141798 29
1658904908186 0.009979625370832954 30
1658904936228 0.009629944892655505 31
1658904964200 0.009211503015370062 32
1658904991354 0.008764709770163097 33
1658905020252 0.008330255543979087 34
1658905047389 0.008023086976776323 35
1658905076198 0.007804435636331835 36
1658905104264 0.007500326214819261 37
1658905132330 0.007296588857390798 38
1658905263164 0.007092935812318384 39
1658905290412 0.0067288655105351225 40
1658905319505 0.006171761158232887 41
1658905347789 0.0059351014297492075 42
1658905375802 0.005753475013142913 43
1658905403031 0.00560257494182206 44
1658905432042 0.00542630622044717 45
1658905460258 0.005307718061422016 46
1658905488542 0.005105705036982602 47
1658905516568 0.00505688247768817 48
1658905544420 0.004981462248960639 49
1658905572491 0.004846024061875916 50
1658905600521 0.004703005045043803 51
1658905628634 0.004676790813463602 52
1658905656775 0.0045891691363499605 53
1658905684866 0.00451946998531423 54
1658905712964 0.0044321826921941915 55
1658905740350 0.004390657455245457 56
1658905769584 0.004325362739573214 57
1658905797749 0.004275236191172706 58
1658905826014 0.004228213672885801 59
1658905854027 0.004175005390742185 60
1658905882110 0.004131058085765136 61
1658905909298 0.004036239797876465 62
1658905938367 0.00403093228198807 63
1658905966740 0.004046538801334214 64
1658905995018 0.004045245328954622 65
1658906023387 0.003979271827904763 66
1658906051458 0.0039011520324367106 67
1658906078648 0.003863456036600441 68
1658906107504 0.0038358119782060385 69
1658906135659 0.003808135173680021 70
1658906163012 0.0037597880749456066 71
1658906191856 0.003754474510816802 72
1658906219465 0.0037303765345881187 73
1658906248579 0.0037318546411709164 74
1658906276951 0.0037088863273132956 75
1658906305412 0.0037094484124442235 76
1658906333718 0.0036967356287527318 77
1658906361833 0.0036688710466064142 78
1658906490738 0.0036569762915040892 79
1658906519426 0.003651176353381707 80
1658906546384 0.0036934413393904077 81
1658906575493 0.003646338082320404 82
1658906603548 0.003631948415042445 83
1658906631620 0.0036284745564813367 84
1658906658811 0.0036362518975972245 85
1658906687908 0.0036340943313952464 86
1658906715992 0.0036144736407343115 87
1658906743179 0.003616530097799726 88
1658906771981 0.0035894263448138343 89
1658906800079 0.0035694294659845013 90
1658906828202 0.003540963718280344 91
1658906855378 0.0035665826249572604 92
1658906884282 0.003550088348899885 93
1658906912349 0.003539304304314722 94
1658906939536 0.0035350800141470858 95
1658906968603 0.0035422868506215953 96
1658906996759 0.003543723822005239 97
1658907024862 0.003512518408957242 98
1658907051998 0.0035324897063840734 99
1658907080841 0.003526780869590469 100
1658907108057 0.0035218702546219423 101
1658907136863 0.003532508413519452 102
1658907164857 0.0035036825298304015 103
1658907192078 0.003480407061276607 104
1658907221246 0.0035193152748523096 105
1658907249618 0.0035259324084857806 106
1658907277610 0.0035300999049945633 107
1658907305999 0.0035156703849166335 108
1658907334033 0.003516295588215684 109
1658907361963 0.003505746241529832 110
1658907389205 0.00348730423570712 111
1658907418076 0.003481072263036034 112
1658907445239 0.003493663382319973 113
1658907474205 0.0034978372173955536 114
1658907502136 0.003479949576724874 115
1658907529189 0.003489925403904059 116
1658907558301 0.0035165977417765293 117
1658907586560 0.0035032399122000616 118
1658907614626 0.0035088678780426778 119
