1658904062424 6.599111797785995 0
1658904090169 6.464811287303962 1
1658904119563 6.107073498707192 2
1658904147952 5.4812150702757 3
1658904176315 4.717316959418502 4
1658904204464 4.022494880279692 5
1658904232624 3.372810918505829 6
1658904260740 2.8105971341085905 7
1658904287908 2.384615101436577 8
1658904316794 2.0538553837502356 9
1658904344137 1.8162328772025533 10
1658904373202 1.6649498869391048 11
1658904401417 1.5763371364743102 12
1658904429637 1.4888680121477913 13
1658904458004 1.4324541956770653 14
1658904486497 1.3898509553834504 15
1658904514908 1.3724149757740545 16
1658904543069 1.3466121016764174 17
1658904571097 1.32149606057913 18
1658904598172 1.3043363401205232 19
1658904627045 1.291283934423239 20
1658904655047 1.2810314964539935 21
1658904682311 1.2722504599259632 22
1658904711541 1.2490928254875482 23
1658904739695 1.2482049606814243 24
1658904767980 1.2452814862279609 25
1658904795161 1.2360297264439044 26
1658904824005 1.227831751993387 27
1658904852028 1.2184381225321552 28
1658904880118 1.2202396522654164 29
1658904908186 1.2175038451015359 30
1658904936228 1.2040733382253364 31
1658904964200 1.2014318574773204 32
1658904991354 1.1973877307212 33
1658905020252 1.19095243911932 34
1658905047389 1.1871702340569827 35
1658905076198 1.1853699707748866 36
1658905104264 1.186590044805319 37
1658905132330 1.185236693608879 38
1658905263164 1.1753052602900136 39
1658905290412 1.1628802920332049 40
1658905319505 1.140810322527792 41
1658905347789 1.1353269137588202 42
1658905375802 1.1284504798379276 43
1658905403031 1.1295259789665146 44
1658905432042 1.1264488171128666 45
1658905460258 1.1231100477424323 46
1658905488542 1.1220149970522113 47
1658905516568 1.121440855583342 48
1658905544420 1.1228623354789053 49
1658905572491 1.1160147308122994 50
1658905600521 1.1162819815154124 51
1658905628634 1.1159148900815756 52
1658905656775 1.115116052108236 53
1658905684866 1.112641453742981 54
1658905712964 1.1106199250362887 55
1658905740350 1.109462065271812 56
1658905769584 1.1123105836849587 57
1658905797749 1.108350125869902 58
1658905826014 1.1056862892490802 59
1658905854027 1.1098516494920938 60
1658905882110 1.1066292795804467 61
1658905909298 1.104907797114684 62
1658905938367 1.105031853797389 63
1658905966740 1.105178388894773 64
1658905995018 1.1038276144102508 65
1658906023387 1.1039051226541108 66
1658906051458 1.1025298290913648 67
1658906078648 1.1004536057462786 68
1658906107504 1.0987285292974793 69
1658906135659 1.0991308559285533 70
1658906163012 1.0960522606821343 71
1658906191856 1.0972932518118679 72
1658906219465 1.0988869962125722 73
1658906248579 1.0959055341926276 74
1658906276951 1.0952003095664231 75
1658906305412 1.095199490294737 76
1658906333718 1.0971986721543705 77
1658906361833 1.095879319870826 78
1658906490738 1.095614246802755 79
1658906519426 1.094412407072464 80
1658906546384 1.0980790747274267 81
1658906575493 1.09663804138408 82
1658906603548 1.0935951719189634 83
1658906631620 1.093153443666968 84
1658906658811 1.0945967553865792 85
1658906687908 1.094019845420239 86
1658906715992 1.0959427073450372 87
1658906743179 1.0951108767254518 88
1658906771981 1.0954360064893667 89
1658906800079 1.0954253590933167 90
1658906828202 1.0914111243616236 91
1658906855378 1.0950368005450408 92
1658906884282 1.0958462209984807 93
1658906912349 1.0922359806476254 94
1658906939536 1.0948272081885007 95
1658906968603 1.091786383413801 96
1658906996759 1.0938076353540607 97
1658907024862 1.0912401841418577 98
1658907051998 1.0912363493796622 99
1658907080841 1.0908863343814812 100
1658907108057 1.0924063932777632 101
1658907136863 1.0936601468832186 102
1658907164857 1.0921627047038314 103
1658907192078 1.08897337583032 104
1658907221246 1.0939832025883245 105
1658907249618 1.092126891893499 106
1658907277610 1.0914159942381452 107
1658907305999 1.092150573683257 108
1658907334033 1.0927491258866717 109
1658907361963 1.0932813151047962 110
1658907389205 1.0895920142088786 111
1658907418076 1.0932042586921464 112
1658907445239 1.0904839593585174 113
1658907474205 1.0922426091562403 114
1658907502136 1.0893583026262794 115
1658907529189 1.0896189165587473 116
1658907558301 1.092949555200689 117
1658907586560 1.0917215955023671 118
1658907614626 1.0919524974162036 119
