1659180375918 2.137705087661743 0
1659180379013 2.0450178384780884 1
1659180382145 1.8689244985580444 2
1659180385432 1.796111524105072 3
1659180388526 1.606348991394043 4
1659180391638 1.421990156173706 5
1659180394577 1.4278281927108765 6
1659180397581 1.130251169204712 7
1659180400651 1.1834194660186768 8
1659180403748 0.9802093207836151 9
1659180406859 0.8229489922523499 10
1659180410058 0.6910538673400879 11
1659180413139 0.6671159565448761 12
1659180416309 0.4972759485244751 13
1659180419575 0.5281975716352463 14
1659180422731 0.3297847658395767 15
1659180425940 0.3542342036962509 16
1659180429092 0.22235935181379318 17
1659180432064 0.21570056676864624 18
1659180435294 0.14901001006364822 19
1659180438535 0.15046614408493042 20
1659180441851 0.13224238902330399 21
1659180445200 0.11790411919355392 22
1659180448488 0.05628461018204689 23
1659180451792 0.04336943477392197 24
1659180455110 0.030455760657787323 25
1659180458363 0.08155800774693489 26
1659180461654 0.03278745152056217 27
1659180464979 0.022658206522464752 28
1659180468230 0.009360693395137787 29
1659180471482 0.008236829191446304 30
1659180474763 0.005640842020511627 31
1659180478141 0.01420522853732109 32
1659180481375 0.020160069689154625 33
1659180484767 0.0035508032888174057 34
1659180488204 0.0056278761476278305 35
1659180491542 0.003635566681623459 36
1659180494888 0.0021447818726301193 37
1659180497956 0.009753093123435974 38
