1659180375918 11.664163589477539 0
1659180379013 11.524800777435303 1
1659180382145 11.421833038330078 2
1659180385432 11.345725059509277 3
1659180388526 11.076716423034668 4
1659180391638 10.89706802368164 5
1659180394577 10.860733985900879 6
1659180397581 10.631506443023682 7
1659180400651 10.677942276000977 8
1659180403748 10.393869876861572 9
1659180406859 10.284131526947021 10
1659180410058 10.27031135559082 11
1659180413139 10.065979480743408 12
1659180416309 9.891104221343994 13
1659180419575 9.964831829071045 14
1659180422731 9.662212371826172 15
1659180425940 9.703999996185303 16
1659180429092 9.437546730041504 17
1659180432064 9.535740852355957 18
1659180435294 9.268112182617188 19
1659180438535 9.226122856140137 20
1659180441851 9.22432804107666 21
1659180445200 9.241910934448242 22
1659180448488 8.99484920501709 23
1659180451792 8.989380836486816 24
1659180455110 8.922932147979736 25
1659180458363 8.950672626495361 26
1659180461654 8.958930015563965 27
1659180464979 8.753631591796875 28
1659180468230 8.714452266693115 29
1659180471482 8.64769458770752 30
1659180474763 8.648880958557129 31
1659180478141 8.672775745391846 32
1659180481375 8.58804702758789 33
1659180484767 8.652003288269043 34
1659180488204 8.653652667999268 35
1659180491542 8.672943115234375 36
1659180494888 8.46086311340332 37
1659180497956 8.508746147155762 38
