1659180375918 10.028894424438477 0
1659180379013 9.496576309204102 1
1659180382145 8.851256370544434 2
1659180385432 8.689863204956055 3
1659180388526 7.961805820465088 4
1659180391638 7.396936416625977 5
1659180394577 7.1756439208984375 6
1659180397581 6.435680866241455 7
1659180400651 6.359914779663086 8
1659180403748 5.688230991363525 9
1659180406859 5.265227794647217 10
1659180410058 4.854705333709717 11
1659180413139 4.606095790863037 12
1659180416309 4.041427135467529 13
1659180419575 3.9648637771606445 14
1659180422731 3.2770144939422607 15
1659180425940 3.2318007946014404 16
1659180429092 2.7154345512390137 17
1659180432064 2.5922012329101562 18
1659180435294 2.3109500408172607 19
1659180438535 2.1360960006713867 20
1659180441851 2.063915729522705 21
1659180445200 1.969388484954834 22
1659180448488 1.7020344734191895 23
1659180451792 1.5383994579315186 24
1659180455110 1.381662130355835 25
1659180458363 1.514636754989624 26
1659180461654 1.321285605430603 27
1659180464979 1.2681043148040771 28
1659180468230 1.111710786819458 29
1659180471482 1.096291184425354 30
1659180474763 1.0691421031951904 31
1659180478141 1.0499069690704346 32
1659180481375 1.0918415784835815 33
1659180484767 0.9734426140785217 34
1659180488204 0.9904974102973938 35
1659180491542 0.9387766122817993 36
1659180494888 0.912896454334259 37
1659180497956 0.9042593240737915 38
