1659180375918 10.213762283325195 0
1659180379013 10.165510177612305 1
1659180382145 10.345000267028809 2
1659180385432 10.318274021148682 3
1659180388526 10.352077960968018 4
1659180391638 10.340624809265137 5
1659180394577 10.332853317260742 6
1659180397581 10.575819492340088 7
1659180400651 10.518778800964355 8
1659180403748 10.699866771697998 9
1659180406859 11.020769119262695 10
1659180410058 11.1910719871521 11
1659180413139 11.05566120147705 12
1659180416309 11.479114055633545 13
1659180419575 11.5814847946167 14
1659180422731 11.839030265808105 15
1659180425940 12.129077434539795 16
1659180429092 12.257431507110596 17
1659180432064 12.33556318283081 18
1659180435294 12.845175743103027 19
1659180438535 12.771434783935547 20
1659180441851 12.671711444854736 21
1659180445200 12.868195533752441 22
1659180448488 13.121900081634521 23
1659180451792 13.338443279266357 24
1659180455110 13.502372741699219 25
1659180458363 13.08074140548706 26
1659180461654 13.570331573486328 27
1659180464979 13.660179138183594 28
1659180468230 14.143224239349365 29
1659180471482 13.75973892211914 30
1659180474763 14.095540046691895 31
1659180478141 14.08027696609497 32
1659180481375 14.039751529693604 33
1659180484767 14.213291645050049 34
1659180488204 14.163188457489014 35
1659180491542 14.223076820373535 36
1659180494888 14.259252548217773 37
1659180497956 14.246701717376709 38
