1659180375918 22.718189239501953 0
1659180379013 22.704818725585938 1
1659180382145 22.794928550720215 2
1659180385432 22.809999465942383 3
1659180388526 22.908204078674316 4
1659180391638 22.888168334960938 5
1659180394577 22.886228561401367 6
1659180397581 22.98082160949707 7
1659180400651 23.011079788208008 8
1659180403748 23.050952911376953 9
1659180406859 23.267284393310547 10
1659180410058 23.35801887512207 11
1659180413139 23.350159645080566 12
1659180416309 23.54370403289795 13
1659180419575 23.655654907226562 14
1659180422731 23.829312324523926 15
1659180425940 23.916906356811523 16
1659180429092 24.08748722076416 17
1659180432064 24.055148124694824 18
1659180435294 24.258055686950684 19
1659180438535 24.18221664428711 20
1659180441851 24.169267654418945 21
1659180445200 24.21674156188965 22
1659180448488 24.26831340789795 23
1659180451792 24.412189483642578 24
1659180455110 24.419950485229492 25
1659180458363 24.338117599487305 26
1659180461654 24.457938194274902 27
1659180464979 24.4875545501709 28
1659180468230 24.675358772277832 29
1659180471482 24.52608299255371 30
1659180474763 24.644415855407715 31
1659180478141 24.641855239868164 32
1659180481375 24.684821128845215 33
1659180484767 24.668618202209473 34
1659180488204 24.560513496398926 35
1659180491542 24.564169883728027 36
1659180494888 24.57578945159912 37
1659180497956 24.54740047454834 38
