1659180375918 0.0001 0
1659180379013 1e-05 1
1659180382145 2e-05 2
1659180385432 3e-05 3
1659180388526 4e-05 4
1659180391638 5e-05 5
1659180394577 6e-05 6
1659180397581 7e-05 7
1659180400651 8e-05 8
1659180403748 9e-05 9
1659180406859 0.0001 10
1659180410058 0.0001 11
1659180413139 0.0001 12
1659180416309 0.0001 13
1659180419575 0.0001 14
1659180422731 0.0001 15
1659180425940 0.0001 16
1659180429092 0.0001 17
1659180432064 0.0001 18
1659180435294 0.0001 19
1659180438535 0.0001 20
1659180441851 0.0001 21
1659180445200 0.0001 22
1659180448488 0.0001 23
1659180451792 0.0001 24
1659180455110 0.0001 25
1659180458363 0.0001 26
1659180461654 0.0001 27
1659180464979 0.0001 28
1659180468230 0.0001 29
1659180471482 0.0001 30
1659180474763 0.0001 31
1659180478141 0.0001 32
1659180481375 0.0001 33
1659180484767 0.0001 34
1659180488204 0.0001 35
1659180491542 0.0001 36
1659180494888 0.0001 37
1659180497956 0.0001 38
