1659180375918 3.144278645515442 0
1659180379013 2.948522686958313 1
1659180382145 2.6108630895614624 2
1659180385432 2.657029867172241 3
1659180388526 2.257794976234436 4
1659180391638 2.003554880619049 5
1659180394577 1.9198216199874878 6
1659180397581 1.6342474222183228 7
1659180400651 1.6471052169799805 8
1659180403748 1.3552584648132324 9
1659180406859 1.2737552523612976 10
1659180410058 1.1642858982086182 11
1659180413139 1.0993521213531494 12
1659180416309 0.8919740915298462 13
1659180419575 0.9385222792625427 14
1659180422731 0.6283819675445557 15
1659180425940 0.7099686563014984 16
1659180429092 0.4785366952419281 17
1659180432064 0.4870246946811676 18
1659180435294 0.4222967326641083 19
1659180438535 0.3448362648487091 20
1659180441851 0.3844689130783081 21
1659180445200 0.40709288418293 22
1659180448488 0.30148446559906006 23
1659180451792 0.2313823103904724 24
1659180455110 0.1589844524860382 25
1659180458363 0.26908859610557556 26
1659180461654 0.19364828616380692 27
1659180464979 0.20256421715021133 28
1659180468230 0.10588635876774788 29
1659180471482 0.11929773911833763 30
1659180474763 0.11271283403038979 31
1659180478141 0.11060064285993576 32
1659180481375 0.16931580379605293 33
1659180484767 0.08711342141032219 34
1659180488204 0.11289107427001 35
1659180491542 0.08310715481638908 36
1659180494888 0.07707409933209419 37
1659180497956 0.06788336485624313 38
