1659180375918 3.4979407787323 0
1659180379013 3.491050958633423 1
1659180382145 3.470043659210205 2
1659180385432 3.4333667755126953 3
1659180388526 3.3836363554000854 4
1659180391638 3.3343969583511353 5
1659180394577 3.260446310043335 6
1659180397581 3.1648937463760376 7
1659180400651 3.0739933252334595 8
1659180403748 2.9481852054595947 9
1659180406859 2.8032623529434204 10
1659180410058 2.6696741580963135 11
1659180413139 2.5442570447921753 12
1659180416309 2.3856014013290405 13
1659180419575 2.257219672203064 14
1659180422731 2.099722146987915 15
1659180425940 1.9689769744873047 16
1659180429092 1.834594964981079 17
1659180432064 1.725306749343872 18
1659180435294 1.589709460735321 19
1659180438535 1.5051366686820984 20
1659180441851 1.4234405755996704 21
1659180445200 1.3308890461921692 22
1659180448488 1.2401006817817688 23
1659180451792 1.1673968434333801 24
1659180455110 1.1030402183532715 25
1659180458363 1.0825728178024292 26
1659180461654 1.0182985067367554 27
1659180464979 0.9717230498790741 28
1659180468230 0.9289375841617584 29
1659180471482 0.9069246351718903 30
1659180474763 0.8914678394794464 31
1659180478141 0.8693514168262482 32
1659180481375 0.8499777913093567 33
1659180484767 0.8330878615379333 34
1659180488204 0.8253384530544281 35
1659180491542 0.8069689273834229 36
1659180494888 0.791655570268631 37
1659180497956 0.7861301302909851 38
