1659180375918 1.2489705681800842 0
1659180379013 1.0119852721691132 1
1659180382145 0.9014250338077545 2
1659180385432 0.8033546507358551 3
1659180388526 0.714025229215622 4
1659180391638 0.6369946002960205 5
1659180394577 0.5675474107265472 6
1659180397581 0.5062882602214813 7
1659180400651 0.45539693534374237 8
1659180403748 0.40457798540592194 9
1659180406859 0.3652610778808594 10
1659180410058 0.329691618680954 11
1659180413139 0.2953708916902542 12
1659180416309 0.26657548546791077 13
1659180419575 0.24092425405979156 14
1659180422731 0.21912549436092377 15
1659180425940 0.19862094521522522 16
1659180429092 0.1799435093998909 17
1659180432064 0.16416924446821213 18
1659180435294 0.14993390440940857 19
1659180438535 0.1356571540236473 20
1659180441851 0.12376374006271362 21
1659180445200 0.11350249126553535 22
1659180448488 0.10416470468044281 23
1659180451792 0.09625078365206718 24
1659180455110 0.0891818068921566 25
1659180458363 0.08141741901636124 26
1659180461654 0.07655134424567223 27
1659180464979 0.07115884125232697 28
1659180468230 0.06752611696720123 29
1659180471482 0.06183197349309921 30
1659180474763 0.059320658445358276 31
1659180478141 0.05574958771467209 32
1659180481375 0.05238788016140461 33
1659180484767 0.049690524116158485 34
1659180488204 0.04664004221558571 35
1659180491542 0.04506494663655758 36
1659180494888 0.04202200844883919 37
1659180497956 0.04049268551170826 38
