1659195167911 1.2521146396120435 0
1659195385221 0.5636025545605462 1
1659195603360 0.5346934970336802 2
1659195820511 0.5060228531500872 3
1659196039773 0.471384516110314 4
1659196257222 0.40353474876071477 5
1659196475946 0.32118287361062625 6
1659196692436 0.2511039513985024 7
1659196910537 0.19752732023474193 8
1659197130748 0.15969522897036725 9
1659197350237 0.12730541810480475 10
1659197568371 0.10321328690580545 11
1659197788963 0.08552326673620142 12
1659198008221 0.06903439435497885 13
1659198226476 0.059370938773479376 14
1659198446409 0.05094263252110509 15
1659198664917 0.04316898594387093 16
1659198883981 0.037841666812472405 17
1659199102007 0.033395616010656846 18
1659199322349 0.02908763071145671 19
1659199540528 0.026230589161348468 20
1659199761752 0.024105525280876488 21
1659199980837 0.022340011021495732 22
1659200201069 0.02118087279240626 23
1659200421854 0.018998811302365366 24
1659200640192 0.016658068190223838 25
1659200857878 0.016414772370445408 26
1659201078449 0.015593562108359127 27
1659201296714 0.01391504948755676 28
1659201514969 0.014111365269157699 29
1659201733489 0.01363218355372077 30
1659201953376 0.01275479176601778 31
1659202174274 0.011976773744244953 32
1659202392603 0.011394332022407255 33
1659202610576 0.01125061575796118 34
1659202829505 0.01064859886930601 35
1659203047742 0.011101255586237311 36
1659203267231 0.01022725703100841 37
1659203485186 0.010124261762317956 38
1659203704586 0.010102030453978042 39
1659203921922 0.008445530620947498 40
1659204143509 0.0031939769197337773 41
1659204363148 0.002556028649119538 42
1659204581457 0.002094179954897682 43
1659204803311 0.0016499685722037856 44
1659205023323 0.0017544146440489031 45
1659205243772 0.0015171527551022513 46
1659205463354 0.0012619245969983455 47
1659205683451 0.0011566516278823564 48
1659205902674 0.001148777882866605 49
1659206120563 0.0012490468779030968 50
1659206338350 0.0008672507255173781 51
1659206558310 0.0010094513949791986 52
1659206775654 0.000968376492890128 53
1659206992602 0.0009929529647425327 54
1659207210501 0.0008507849611385729 55
1659207430196 0.0008003074229766878 56
1659207649368 0.0008298872045303823 57
1659207866177 0.0008643788370019696 58
1659208088512 0.0007577866997086892 59
1659208310976 0.0007597327706097178 60
1659208532327 0.0007910889853224193 61
1659208752835 0.0007064279000989573 62
1659208972258 0.0006764691758748383 63
1659209191078 0.0005959969253567924 64
1659209410813 0.00067622360183692 65
1659209631224 0.0006518428770734088 66
1659209852954 0.0006828202724530512 67
1659210071885 0.0006277334976688341 68
1659210290492 0.0006390830803994064 69
1659210509383 0.0006769527642823317 70
1659210727011 0.0005043402566191029 71
1659210946076 0.0005482346810845948 72
1659211166078 0.0004375871359902523 73
1659211388308 0.0004573469662798159 74
1659211607976 0.00042392313425977516 75
1659211827111 0.0004434067882144841 76
1659212047335 0.0004303502298822075 77
1659212268105 0.000426491682845361 78
1659212486553 0.00038802823944739096 79
1659212703749 0.0003729078055384653 80
1659212923244 0.0004335136771141017 81
1659213143584 0.0003996969238795035 82
1659213363118 0.00035444928381203345 83
1659213581839 0.0004004813487240815 84
1659213803277 0.0003748216281839928 85
1659214022791 0.00034989905952100166 86
1659214241738 0.0003601909865630649 87
1659214461852 0.0004179572786882834 88
1659214681283 0.00034553926118907516 89
1659214898955 0.0003293130132522731 90
1659215120421 0.0003269823362490722 91
1659215339795 0.00032013865016261876 92
1659215561366 0.0003298974050614415 93
1659215781666 0.0003787859248667435 94
1659216002710 0.0003614275985438646 95
1659216222343 0.00039137123067947954 96
1659216442237 0.000381859720352989 97
1659216660077 0.0003346369955272848 98
1659216881427 0.0003564569279856144 99
1659217099814 0.00031007037221177206 100
1659217317931 0.00034691300735613015 101
1659217537057 0.00033400870614768195 102
1659217757762 0.0003212920398773434 103
1659217977334 0.0003699256677319792 104
1659218197913 0.00042887389927528035 105
1659218417050 0.00039371660753875694 106
1659218637624 0.0003391087425556796 107
1659218856419 0.00030896813657722974 108
1659219075988 0.0003123773043608848 109
1659219292380 0.0003091527827411077 110
1659219508449 0.0003264943802837517 111
1659219730113 0.000317502681738388 112
1659219949713 0.0004007755185079853 113
1659220169048 0.0003629770244292 114
1659220390243 0.0003486595991434473 115
1659220608185 0.00034185708610270666 116
1659220824931 0.00033668558857895714 117
1659221045212 0.0003123460724661934 118
1659221264072 0.000232828575986889 119
1659221484122 0.000302063783750548 120
1659221703743 0.0003061861072105971 121
1659221924686 0.00028074203193988477 122
1659222143565 0.0002319650962800832 123
1659222365646 0.0003158120238964855 124
1659222583713 0.00036465928709696765 125
1659222800863 0.00031785225882282795 126
1659223021891 0.0003121093672574961 127
1659223240574 0.0003496460402088916 128
1659223458776 0.0002869003475342738 129
1659223679080 0.0002697189999863557 130
1659223900861 0.00022936090382468714 131
1659224119384 0.0002864577891952298 132
1659224336732 0.00029747380498792314 133
1659224556540 0.0002713198250102913 134
1659224775989 0.00034536637028145513 135
1659224996200 0.00030652861282483025 136
1659225214731 0.000350679377500545 137
1659225435708 0.0003016205884246417 138
1659225655094 0.0002533396043396929 139
1659225875291 0.0003227856303554299 140
1659226094282 0.00026983112877614323 141
1659226314275 0.0002903654212840119 142
1659226534672 0.00029858984696554494 143
1659226753151 0.00027551337862845326 144
1659226973075 0.0003310629987009914 145
1659227194539 0.0002480112494359634 146
1659227414957 0.00028954813350427235 147
1659227634532 0.00025751982939594954 148
1659229561479 0.0002611006823681703 149
1659229780973 0.00024319624807794796 150
1659230000092 0.00031192590518563045 151
1659230221731 0.00030311353604753165 152
1659230441818 0.00027317388437984283 153
1659230663850 0.00034052339462981187 154
1659230884444 0.00030562550234216674 155
1659231104614 0.00026688523749411803 156
1659231325178 0.0003493924632878617 157
1659231543738 0.0002888287548916951 158
1659231764991 0.00032970057505965933 159
1659231986898 0.00028389165663186497 160
1659232206919 0.0002520113640336158 161
1659232426536 0.0003237572931564594 162
