1659195167911 8.924427032470703 0
1659195385221 5.990299224853516 1
1659195603360 4.647104740142822 2
1659195820511 3.6973533630371094 3
1659196039773 3.117713451385498 4
1659196257222 2.7455310821533203 5
1659196475946 2.4679887294769287 6
1659196692436 2.232279062271118 7
1659196910537 2.0494537353515625 8
1659197130748 1.917966604232788 9
1659197350237 1.790708065032959 10
1659197568371 1.6936017274856567 11
1659197788963 1.612865924835205 12
1659198008221 1.5391348600387573 13
1659198226476 1.4941047430038452 14
1659198446409 1.4535707235336304 15
1659198664917 1.4126144647598267 16
1659198883981 1.3882359266281128 17
1659199102007 1.3560932874679565 18
1659199322349 1.3321983814239502 19
1659199540528 1.3123825788497925 20
1659199761752 1.2973960638046265 21
1659199980837 1.2864774465560913 22
1659200201069 1.2767411470413208 23
1659200421854 1.2621921300888062 24
1659200640192 1.249442219734192 25
1659200857878 1.2443610429763794 26
1659201078449 1.235384464263916 27
1659201296714 1.2255377769470215 28
1659201514969 1.2261028289794922 29
1659201733489 1.2186650037765503 30
1659201953376 1.209088921546936 31
1659202174274 1.2057580947875977 32
1659202392603 1.2009693384170532 33
1659202610576 1.2011587619781494 34
1659202829505 1.1931720972061157 35
1659203047742 1.193119764328003 36
1659203267231 1.1842526197433472 37
1659203485186 1.1856204271316528 38
1659203704586 1.1845276355743408 39
1659203921922 1.1722718477249146 40
1659204143509 1.084460973739624 41
1659204363148 1.0672425031661987 42
1659204581457 1.0573923587799072 43
1659204803311 1.049502968788147 44
1659205023323 1.0459647178649902 45
1659205243772 1.0404694080352783 46
1659205463354 1.0366442203521729 47
1659205683451 1.0335761308670044 48
1659205902674 1.031292200088501 49
1659206120563 1.0312604904174805 50
1659206338350 1.026227593421936 51
1659206558310 1.0253722667694092 52
1659206775654 1.0239779949188232 53
1659206992602 1.0243486166000366 54
1659207210501 1.0205594301223755 55
1659207430196 1.019413709640503 56
1659207649368 1.0191705226898193 57
1659207866177 1.0188814401626587 58
1659208088512 1.0161206722259521 59
1659208310976 1.0155407190322876 60
1659208532327 1.0143533945083618 61
1659208752835 1.0138399600982666 62
1659208972258 1.0135377645492554 63
1659209191078 1.0117082595825195 64
1659209410813 1.011720895767212 65
1659209631224 1.0101633071899414 66
1659209852954 1.0101679563522339 67
1659210071885 1.0093133449554443 68
1659210290492 1.008803367614746 69
1659210509383 1.0155608654022217 70
1659210727011 1.0076404809951782 71
1659210946076 1.006385326385498 72
1659211166078 1.0037249326705933 73
1659211388308 1.0033035278320312 74
1659211607976 1.0026932954788208 75
1659211827111 1.0020571947097778 76
1659212047335 1.0020060539245605 77
1659212268105 1.0014066696166992 78
1659212486553 1.0014724731445312 79
1659212703749 1.00083327293396 80
1659212923244 1.0009384155273438 81
1659213143584 0.9998735189437866 82
1659213363118 1.0000674724578857 83
1659213581839 1.0004985332489014 84
1659213803277 0.9994312524795532 85
1659214022791 0.9985064268112183 86
1659214241738 0.9986439943313599 87
1659214461852 0.9989855289459229 88
1659214681283 0.9977987408638 89
1659214898955 0.9984360933303833 90
1659215120421 0.9976968765258789 91
1659215339795 0.9980283975601196 92
1659215561366 0.9981445074081421 93
1659215781666 0.9982361197471619 94
1659216002710 0.9978850483894348 95
1659216222343 0.9978354573249817 96
1659216442237 0.9974097013473511 97
1659216660077 0.9971586465835571 98
1659216881427 0.9966443181037903 99
1659217099814 0.996210515499115 100
1659217317931 0.996536910533905 101
1659217537057 0.99667888879776 102
1659217757762 0.9954937100410461 103
1659217977334 0.9960455298423767 104
1659218197913 0.9967815279960632 105
1659218417050 0.9959934949874878 106
1659218637624 0.9959233999252319 107
1659218856419 0.9946815967559814 108
1659219075988 0.995863676071167 109
1659219292380 0.9956875443458557 110
1659219508449 0.9958680272102356 111
1659219730113 0.9956766963005066 112
1659219949713 0.9965698719024658 113
1659220169048 0.9953497648239136 114
1659220390243 0.9950642585754395 115
1659220608185 0.9953646659851074 116
1659220824931 0.9947630763053894 117
1659221045212 0.9944517612457275 118
1659221264072 0.9935563206672668 119
1659221484122 0.9944242835044861 120
1659221703743 0.9939491748809814 121
1659221924686 0.9941875338554382 122
1659222143565 0.9932875037193298 123
1659222365646 0.9941099286079407 124
1659222583713 0.9941822290420532 125
1659222800863 0.9945271611213684 126
1659223021891 0.993218183517456 127
1659223240574 0.9945687651634216 128
1659223458776 0.9935861229896545 129
1659223679080 0.9930306673049927 130
1659223900861 0.9918464422225952 131
1659224119384 0.9926211833953857 132
1659224336732 0.9931783080101013 133
1659224556540 0.9925336837768555 134
1659224775989 0.9930428266525269 135
1659224996200 0.9924639463424683 136
1659225214731 0.9935301542282104 137
1659225435708 0.9925914406776428 138
1659225655094 0.9925292730331421 139
1659225875291 0.9927729964256287 140
1659226094282 0.9927259087562561 141
1659226314275 0.9919259548187256 142
1659226534672 0.9919641613960266 143
1659226753151 0.9922692775726318 144
1659226973075 0.992476224899292 145
1659227194539 0.9919075965881348 146
1659227414957 0.9919598698616028 147
1659227634532 0.9921746253967285 148
1659229561479 0.9913622736930847 149
1659229780973 0.9919121265411377 150
1659230000092 0.992108166217804 151
1659230221731 0.9914464950561523 152
1659230441818 0.9915419220924377 153
1659230663850 0.9917792081832886 154
1659230884444 0.992103099822998 155
1659231104614 0.9903990626335144 156
1659231325178 0.9917967319488525 157
1659231543738 0.9916025400161743 158
1659231764991 0.9916251301765442 159
1659231986898 0.9907540082931519 160
1659232206919 0.9907281994819641 161
1659232426536 0.991767168045044 162
