1659195167911 4.42133677201422 0
1659195385221 0.4327764385680101 1
1659195603360 0.4361549435994204 2
1659195820511 0.4604677529545391 3
1659196039773 0.5199999067875593 4
1659196257222 0.7053957097974779 5
1659196475946 0.9572322366518132 6
1659196692436 1.165511416056577 7
1659196910537 1.3347308457107858 8
1659197130748 1.4616445074142626 9
1659197350237 1.5672168192807694 10
1659197568371 1.6524837916357475 11
1659197788963 1.7286557236383127 12
1659198008221 1.7609134338055439 13
1659198226476 1.8034843991374412 14
1659198446409 1.837945244605081 15
1659198664917 1.8536678411807233 16
1659198883981 1.8621350136898887 17
1659199102007 1.873614309680979 18
1659199322349 1.884194298186035 19
1659199540528 1.8789080212884974 20
1659199761752 1.868573957389885 21
1659199980837 1.861410070549358 22
1659200201069 1.8417861003675893 23
1659200421854 1.842705350495275 24
1659200640192 1.8425885436120728 25
1659200857878 1.8274890338311174 26
1659201078449 1.8112312670766681 27
1659201296714 1.7932494293203947 28
1659201514969 1.781640568763402 29
1659201733489 1.7583944865914642 30
1659201953376 1.74893042236288 31
1659202174274 1.726620145610996 32
1659202392603 1.7156058380382462 33
1659202610576 1.703133213113814 34
1659202829505 1.665605271605011 35
1659203047742 1.6542590369068777 36
1659203267231 1.6407767570591756 37
1659203485186 1.616935446840937 38
1659203704586 1.6005679034178182 39
1659203921922 1.5052389731558453 40
1659204143509 1.4720305026757148 41
1659204363148 1.4560597597438598 42
1659204581457 1.443846827634027 43
1659204803311 1.423474498483438 44
1659205023323 1.4078876249717944 45
1659205243772 1.3951205079094235 46
1659205463354 1.3791424668196477 47
1659205683451 1.364261770108987 48
1659205902674 1.35510518794043 49
1659206120563 1.3426228375995861 50
1659206338350 1.3254875247618731 51
1659206558310 1.3030618443142894 52
1659206775654 1.2959916632459747 53
1659206992602 1.2858047327719444 54
1659207210501 1.272184972057051 55
1659207430196 1.2632529432656334 56
1659207649368 1.2472821917775383 57
1659207866177 1.2369796936306994 58
1659208088512 1.221841491896797 59
1659208310976 1.207817438985571 60
1659208532327 1.193720306017006 61
1659208752835 1.1845864865668985 62
1659208972258 1.1723158581215039 63
1659209191078 1.154480839054487 64
1659209410813 1.1479049123057694 65
1659209631224 1.1295335290037392 66
1659209852954 1.123437494976279 67
1659210071885 1.1101237795810788 68
1659210290492 1.0971085411044976 69
1659210509383 1.062343524273704 70
1659210727011 1.0617382792164298 71
1659210946076 1.0649665283849343 72
1659211166078 1.0643688985656747 73
1659211388308 1.0633572249806662 74
1659211607976 1.061353028516903 75
1659211827111 1.059139202340184 76
1659212047335 1.0575138640292596 77
1659212268105 1.055621326455981 78
1659212486553 1.0536782846153134 79
1659212703749 1.0525833859741336 80
1659212923244 1.0490377127984647 81
1659213143584 1.0477686030125757 82
1659213363118 1.044760485606624 83
1659213581839 1.0409609830533215 84
1659213803277 1.0403692929550659 85
1659214022791 1.0374226742320591 86
1659214241738 1.0362237701639097 87
1659214461852 1.0331809293190823 88
1659214681283 1.0306839348984436 89
1659214898955 1.0311375387677564 90
1659215120421 1.0291223348159613 91
1659215339795 1.0278622069003143 92
1659215561366 1.0244809280174576 93
1659215781666 1.0228737687065381 94
1659216002710 1.0219883125422995 95
1659216222343 1.0207123551474306 96
1659216442237 1.0171450645466948 97
1659216660077 1.0160969345886195 98
1659216881427 1.0143747480812473 99
1659217099814 1.0087355053803055 100
1659217317931 1.0082461602119106 101
1659217537057 1.0062307667144588 102
1659217757762 1.004568478980354 103
1659217977334 1.0031717805383362 104
1659218197913 1.0011730330569721 105
1659218417050 1.0003422257777685 106
1659218637624 0.9970816921072396 107
1659218856419 0.993559734026591 108
1659219075988 0.9957033800152081 109
1659219292380 0.9913539794557601 110
1659219508449 0.9905303693326767 111
1659219730113 0.9898860617622092 112
1659219949713 0.9910317048691867 113
1659220169048 0.9879128006466648 114
1659220390243 0.9843204928722693 115
1659220608185 0.9821299869778022 116
1659220824931 0.9779822209955387 117
1659221045212 0.9764284877503504 118
1659221264072 0.9779114728091193 119
1659221484122 0.9767839438733998 120
1659221703743 0.9745216625475744 121
1659221924686 0.972634785086195 122
1659222143565 0.9707197542781028 123
1659222365646 0.967642185435445 124
1659222583713 0.9663683670871662 125
1659222800863 0.9652487181548802 126
1659223021891 0.9620968615102489 127
1659223240574 0.9617768205991223 128
1659223458776 0.9586749366111397 129
1659223679080 0.9547383331447596 130
1659223900861 0.9523984633724404 131
1659224119384 0.950379028547779 132
1659224336732 0.9513001916546142 133
1659224556540 0.950104085148358 134
1659224775989 0.9491323099498861 135
1659224996200 0.947195817397234 136
1659225214731 0.9469911291006026 137
1659225435708 0.9440632074653545 138
1659225655094 0.9449806273958393 139
1659225875291 0.9435388612663439 140
1659226094282 0.9420406531533815 141
1659226314275 0.9378570680032696 142
1659226534672 0.9374917074863469 143
1659226753151 0.9354449722052179 144
1659226973075 0.9336852917325831 145
1659227194539 0.9327736262540695 146
1659227414957 0.9298635707280346 147
1659227634532 0.930755700881236 148
1659229561479 0.9261458157382827 149
1659229780973 0.9262520398372502 150
1659230000092 0.9238370172024333 151
1659230221731 0.9221228009490209 152
1659230441818 0.9217545366454347 153
1659230663850 0.918712069219518 154
1659230884444 0.9216094110335145 155
1659231104614 0.9149118546292047 156
1659231325178 0.9134759190640074 157
1659231543738 0.9137150184388166 158
1659231764991 0.9098125648721878 159
1659231986898 0.9095146837774838 160
1659232206919 0.9066271784015226 161
1659232426536 0.9080345899355217 162
