1659195167911 3.685437979515105 0
1659195385221 0.36917388320388433 1
1659195603360 0.4014614899018232 2
1659195820511 0.45444659022723927 3
1659196039773 0.5499466915482792 4
1659196257222 0.8209447119328229 5
1659196475946 1.2047910196640912 6
1659196692436 1.5659200390647439 7
1659196910537 1.8790456789921088 8
1659197130748 2.133310708379245 9
1659197350237 2.3861941744709574 10
1659197568371 2.5966817865594787 11
1659197788963 2.7891380068867706 12
1659198008221 2.916301295074106 13
1659198226476 3.0291921530550683 14
1659198446409 3.146944601215117 15
1659198664917 3.21985435444012 16
1659198883981 3.2723754740823474 17
1659199102007 3.3394288688304137 18
1659199322349 3.397025706333535 19
1659199540528 3.4226569898217636 20
1659199761752 3.4404243080766053 21
1659199980837 3.4534968126626002 22
1659200201069 3.4463709276408063 23
1659200421854 3.4742855163271535 24
1659200640192 3.491427562606167 25
1659200857878 3.497841988371012 26
1659201078449 3.496328862990354 27
1659201296714 3.4853741767677584 28
1659201514969 3.468820632831712 29
1659201733489 3.468670380478441 30
1659201953376 3.4720540517401473 31
1659202174274 3.442173087235653 32
1659202392603 3.439730927190545 33
1659202610576 3.410646602213733 34
1659202829505 3.391642541078507 35
1659203047742 3.368965012206314 36
1659203267231 3.3759790584881726 37
1659203485186 3.3355158470999036 38
1659203704586 3.3084231703317823 39
1659203921922 3.3433643121416785 40
1659204143509 3.4700228870955834 41
1659204363148 3.5189655169705363 42
1659204581457 3.5418649858960483 43
1659204803311 3.5540921765794855 44
1659205023323 3.5573414086184023 45
1659205243772 3.5615346006580166 46
1659205463354 3.5604409107239374 47
1659205683451 3.5522465044992013 48
1659205902674 3.543685143326539 49
1659206120563 3.5380471661511588 50
1659206338350 3.517716985590318 51
1659206558310 3.5006700287937282 52
1659206775654 3.4978819585887995 53
1659206992602 3.470713620765713 54
1659207210501 3.4695685736300943 55
1659207430196 3.4491573371150177 56
1659207649368 3.4320160590015676 57
1659207866177 3.4195839145579523 58
1659208088512 3.4070830234774836 59
1659208310976 3.387887816622078 60
1659208532327 3.3632903679894186 61
1659208752835 3.3473288206167 62
1659208972258 3.329014017428571 63
1659209191078 3.3008203422814084 64
1659209410813 3.293817163349312 65
1659209631224 3.275760593947831 66
1659209852954 3.2551779683171937 67
1659210071885 3.2331999342112128 68
1659210290492 3.205195579930826 69
1659210509383 3.1208567540785848 70
1659210727011 3.142298422420726 71
1659210946076 3.1601418677416104 72
1659211166078 3.169026476797802 73
1659211388308 3.174391206956715 74
1659211607976 3.174513475081631 75
1659211827111 3.1796304845364296 76
1659212047335 3.1775089613485448 77
1659212268105 3.181825972103572 78
1659212486553 3.1726296234467846 79
1659212703749 3.171070961283851 80
1659212923244 3.172679360074796 81
1659213143584 3.1711742532183553 82
1659213363118 3.1701862834402714 83
1659213581839 3.1655933180559703 84
1659213803277 3.1660759180091147 85
1659214022791 3.1621153890040885 86
1659214241738 3.157782408786796 87
1659214461852 3.157568602986302 88
1659214681283 3.152243737043909 89
1659214898955 3.1516894513452556 90
1659215120421 3.154166783486213 91
1659215339795 3.152776201010306 92
1659215561366 3.1465317520190452 93
1659215781666 3.1444228938905407 94
1659216002710 3.1430600623150804 95
1659216222343 3.145504220660194 96
1659216442237 3.138538890103476 97
1659216660077 3.1340124105594693 98
1659216881427 3.1304935656975363 99
1659217099814 3.130904058451938 100
1659217317931 3.1307540954069863 101
1659217537057 3.122657875779649 102
1659217757762 3.120848830336722 103
1659217977334 3.119116392369582 104
1659218197913 3.116194252098832 105
1659218417050 3.114538328948422 106
1659218637624 3.112422287812707 107
1659218856419 3.110909642671284 108
1659219075988 3.1029142597679256 109
1659219292380 3.094647020349016 110
1659219508449 3.092083624956305 111
1659219730113 3.0988225573294375 112
1659219949713 3.095226549962808 113
1659220169048 3.0954613816668415 114
1659220390243 3.0891285214946542 115
1659220608185 3.083798260058997 116
1659220824931 3.0787626018501677 117
1659221045212 3.0786462285200384 118
1659221264072 3.080823033699107 119
1659221484122 3.076581060956096 120
1659221703743 3.073451672938832 121
1659221924686 3.0714581672833345 122
1659222143565 3.075152605214966 123
1659222365646 3.0645078308229814 124
1659222583713 3.0589073297550096 125
1659222800863 3.056088331173051 126
1659223021891 3.0575165681671677 127
1659223240574 3.0492809578058444 128
1659223458776 3.0477586966423815 129
1659223679080 3.0437164609174094 130
1659223900861 3.048694466267809 131
1659224119384 3.038125998280214 132
1659224336732 3.0332461557624195 133
1659224556540 3.038278905792594 134
1659224775989 3.040032452031186 135
1659224996200 3.034303283747373 136
1659225214731 3.0277729801169024 137
1659225435708 3.029102856867781 138
1659225655094 3.0260724202494753 139
1659225875291 3.0235136630105193 140
1659226094282 3.018720782891928 141
1659226314275 3.0132045667771012 142
1659226534672 3.015408605267348 143
1659226753151 3.011659647039284 144
1659226973075 3.008515733424748 145
1659227194539 3.007433648704787 146
1659227414957 3.0041015407192373 147
1659227634532 2.9978878464654226 148
1659229561479 2.995004502663929 149
1659229780973 2.9937072630364616 150
1659230000092 2.9888820259680084 151
1659230221731 2.991386926898332 152
1659230441818 2.9878538980662266 153
1659230663850 2.9821388256327013 154
1659230884444 2.9776522428075842 155
1659231104614 2.980449867025714 156
1659231325178 2.970224433724104 157
1659231543738 2.9729510387438585 158
1659231764991 2.966082330051574 159
1659231986898 2.9638927631846097 160
1659232206919 2.9541350108957403 161
1659232426536 2.9587806524660882 162
