1659195167911 13.035983124204146 0
1659195385221 7.239304989751031 1
1659195603360 7.226679366616642 2
1659195820511 7.22224092427422 3
1659196039773 7.1867855827805585 4
1659196257222 7.2829946722542696 5
1659196475946 7.555500359254725 6
1659196692436 7.730251195010017 7
1659196910537 7.815232736383566 8
1659197130748 7.777409763848072 9
1659197350237 7.785526605795699 10
1659197568371 7.707535306473225 11
1659197788963 7.665277671259503 12
1659198008221 7.572362193726657 13
1659198226476 7.498287929289522 14
1659198446409 7.446229013922619 15
1659198664917 7.36366502917998 16
1659198883981 7.274775581650549 17
1659199102007 7.2250660206480575 18
1659199322349 7.13679254222139 19
1659199540528 7.0752042186594455 20
1659199761752 6.962736681624726 21
1659199980837 6.890478430372296 22
1659200201069 6.788541796598778 23
1659200421854 6.729207848445398 24
1659200640192 6.655153619851305 25
1659200857878 6.591833454342515 26
1659201078449 6.506001336710873 27
1659201296714 6.40926547514456 28
1659201514969 6.333062385478584 29
1659201733489 6.24370703038343 30
1659201953376 6.189895145803969 31
1659202174274 6.093699145706106 32
1659202392603 6.03374144445435 33
1659202610576 5.957247758724154 34
1659202829505 5.878966594835005 35
1659203047742 5.807969182414538 36
1659203267231 5.750300798158992 37
1659203485186 5.674001642855503 38
1659203704586 5.605609786216297 39
1659203921922 5.505854085525531 40
1659204143509 5.554731062599333 41
1659204363148 5.569254027348813 42
1659204581457 5.56411046068245 43
1659204803311 5.544247963653316 44
1659205023323 5.525094735316741 45
1659205243772 5.506246929679995 46
1659205463354 5.47831473094878 47
1659205683451 5.4488664850156905 48
1659205902674 5.424865218427509 49
1659206120563 5.393047320422005 50
1659206338350 5.359706075331744 51
1659206558310 5.315513115018536 52
1659206775654 5.292552848352029 53
1659206992602 5.256988968449472 54
1659207210501 5.229018171581623 55
1659207430196 5.19336869733395 56
1659207649368 5.1578643807814455 57
1659207866177 5.1304579589897665 58
1659208088512 5.0981154723299875 59
1659208310976 5.0600037762195385 60
1659208532327 5.026069378354986 61
1659208752835 4.996762450351271 62
1659208972258 4.95970213538722 63
1659209191078 4.911777192946763 64
1659209410813 4.890950610147458 65
1659209631224 4.848419099420934 66
1659209852954 4.820994644697942 67
1659210071885 4.782696306286707 68
1659210290492 4.7402241269096 69
1659210509383 4.640353323992561 70
1659210727011 4.64554238431594 71
1659210946076 4.6551636738346724 72
1659211166078 4.661871138708297 73
1659211388308 4.662625664743195 74
1659211607976 4.658472342468868 75
1659211827111 4.660032871727632 76
1659212047335 4.65447944472164 77
1659212268105 4.657094150712163 78
1659212486553 4.6495784157437345 79
1659212703749 4.643175065025986 80
1659212923244 4.6398502233715195 81
1659213143584 4.6343987208360815 82
1659213363118 4.632244425390138 83
1659213581839 4.625469290497434 84
1659213803277 4.620040135050929 85
1659214022791 4.616550161127458 86
1659214241738 4.610789491976911 87
1659214461852 4.606477643622727 88
1659214681283 4.599089923039289 89
1659214898955 4.594982221092977 90
1659215120421 4.594660847337096 91
1659215339795 4.591639587651322 92
1659215561366 4.582674230768739 93
1659215781666 4.579008724137152 94
1659216002710 4.572515078080007 95
1659216222343 4.572804175334655 96
1659216442237 4.566794400489709 97
1659216660077 4.559638234619248 98
1659216881427 4.555692631507588 99
1659217099814 4.548008636918388 100
1659217317931 4.5449203178549205 101
1659217537057 4.5378275264596715 102
1659217757762 4.534324955717426 103
1659217977334 4.526591867487007 104
1659218197913 4.520166360329244 105
1659218417050 4.519332659578769 106
1659218637624 4.513363701558252 107
1659218856419 4.5086033492060436 108
1659219075988 4.502565039622349 109
1659219292380 4.49346608255823 110
1659219508449 4.489317974303258 111
1659219730113 4.492175565193363 112
1659219949713 4.48916968072367 113
1659220169048 4.483615743625931 114
1659220390243 4.473706447716915 115
1659220608185 4.469286981618629 116
1659220824931 4.460525180371302 117
1659221045212 4.4566742938352135 118
1659221264072 4.456409525815441 119
1659221484122 4.452552833891751 120
1659221703743 4.445377632609585 121
1659221924686 4.44246457948863 122
1659222143565 4.442189001591406 123
1659222365646 4.43276983978307 124
1659222583713 4.425142044728657 125
1659222800863 4.422369308629126 126
1659223021891 4.4165267933181855 127
1659223240574 4.409625440030484 128
1659223458776 4.4045676154059334 129
1659223679080 4.3961255603119715 130
1659223900861 4.39718682829798 131
1659224119384 4.3894667462550006 132
1659224336732 4.383853118186564 133
1659224556540 4.3834080830111715 134
1659224775989 4.380698030036792 135
1659224996200 4.374402740751633 136
1659225214731 4.368403864578462 137
1659225435708 4.366711043308828 138
1659225655094 4.359479562701466 139
1659225875291 4.355915548650666 140
1659226094282 4.353237752333737 141
1659226314275 4.343990410698785 142
1659226534672 4.343101753283999 143
1659226753151 4.338350245768348 144
1659226973075 4.332219356131331 145
1659227194539 4.330568794887013 146
1659227414957 4.3229427488050725 147
1659227634532 4.316260845861702 148
1659229561479 4.308733399450015 149
1659229780973 4.3079765701070345 150
1659230000092 4.302947039900463 151
1659230221731 4.299725592693436 152
1659230441818 4.29439640435103 153
1659230663850 4.287084023529124 154
1659230884444 4.2839089041558385 155
1659231104614 4.281083973768715 156
1659231325178 4.271359732232279 157
1659231543738 4.269756328905511 158
1659231764991 4.261597417835888 159
1659231986898 4.258235070192925 160
1659232206919 4.246901832643102 161
1659232426536 4.251436019669651 162
