1659195167911 0.0001 0
1659195385221 1e-05 1
1659195603360 2e-05 2
1659195820511 3e-05 3
1659196039773 4e-05 4
1659196257222 5e-05 5
1659196475946 6e-05 6
1659196692436 7e-05 7
1659196910537 8e-05 8
1659197130748 9e-05 9
1659197350237 0.0001 10
1659197568371 0.0001 11
1659197788963 0.0001 12
1659198008221 0.0001 13
1659198226476 0.0001 14
1659198446409 0.0001 15
1659198664917 0.0001 16
1659198883981 0.0001 17
1659199102007 0.0001 18
1659199322349 0.0001 19
1659199540528 0.0001 20
1659199761752 0.0001 21
1659199980837 0.0001 22
1659200201069 0.0001 23
1659200421854 0.0001 24
1659200640192 0.0001 25
1659200857878 0.0001 26
1659201078449 0.0001 27
1659201296714 0.0001 28
1659201514969 0.0001 29
1659201733489 0.0001 30
1659201953376 0.0001 31
1659202174274 0.0001 32
1659202392603 0.0001 33
1659202610576 0.0001 34
1659202829505 0.0001 35
1659203047742 0.0001 36
1659203267231 0.0001 37
1659203485186 0.0001 38
1659203704586 0.0001 39
1659203921922 1e-05 40
1659204143509 1e-05 41
1659204363148 1e-05 42
1659204581457 1e-05 43
1659204803311 1e-05 44
1659205023323 1e-05 45
1659205243772 1e-05 46
1659205463354 1e-05 47
1659205683451 1e-05 48
1659205902674 1e-05 49
1659206120563 1e-05 50
1659206338350 1e-05 51
1659206558310 1e-05 52
1659206775654 1e-05 53
1659206992602 1e-05 54
1659207210501 1e-05 55
1659207430196 1e-05 56
1659207649368 1e-05 57
1659207866177 1e-05 58
1659208088512 1e-05 59
1659208310976 1e-05 60
1659208532327 1e-05 61
1659208752835 1e-05 62
1659208972258 1e-05 63
1659209191078 1e-05 64
1659209410813 1e-05 65
1659209631224 1e-05 66
1659209852954 1e-05 67
1659210071885 1e-05 68
1659210290492 1e-05 69
1659210509383 1.0000000000000002e-06 70
1659210727011 1.0000000000000002e-06 71
1659210946076 1.0000000000000002e-06 72
1659211166078 1.0000000000000002e-06 73
1659211388308 1.0000000000000002e-06 74
1659211607976 1.0000000000000002e-06 75
1659211827111 1.0000000000000002e-06 76
1659212047335 1.0000000000000002e-06 77
1659212268105 1.0000000000000002e-06 78
1659212486553 1.0000000000000002e-06 79
1659212703749 1.0000000000000002e-06 80
1659212923244 1.0000000000000002e-06 81
1659213143584 1.0000000000000002e-06 82
1659213363118 1.0000000000000002e-06 83
1659213581839 1.0000000000000002e-06 84
1659213803277 1.0000000000000002e-06 85
1659214022791 1.0000000000000002e-06 86
1659214241738 1.0000000000000002e-06 87
1659214461852 1.0000000000000002e-06 88
1659214681283 1.0000000000000002e-06 89
1659214898955 1.0000000000000002e-06 90
1659215120421 1.0000000000000002e-06 91
1659215339795 1.0000000000000002e-06 92
1659215561366 1.0000000000000002e-06 93
1659215781666 1.0000000000000002e-06 94
1659216002710 1.0000000000000002e-06 95
1659216222343 1.0000000000000002e-06 96
1659216442237 1.0000000000000002e-06 97
1659216660077 1.0000000000000002e-06 98
1659216881427 1.0000000000000002e-06 99
1659217099814 1.0000000000000002e-06 100
1659217317931 1.0000000000000002e-06 101
1659217537057 1.0000000000000002e-06 102
1659217757762 1.0000000000000002e-06 103
1659217977334 1.0000000000000002e-06 104
1659218197913 1.0000000000000002e-06 105
1659218417050 1.0000000000000002e-06 106
1659218637624 1.0000000000000002e-06 107
1659218856419 1.0000000000000002e-06 108
1659219075988 1.0000000000000002e-06 109
1659219292380 1.0000000000000002e-06 110
1659219508449 1.0000000000000002e-06 111
1659219730113 1.0000000000000002e-06 112
1659219949713 1.0000000000000002e-06 113
1659220169048 1.0000000000000002e-06 114
1659220390243 1.0000000000000002e-06 115
1659220608185 1.0000000000000002e-06 116
1659220824931 1.0000000000000002e-06 117
1659221045212 1.0000000000000002e-06 118
1659221264072 1.0000000000000002e-06 119
1659221484122 1.0000000000000002e-06 120
1659221703743 1.0000000000000002e-06 121
1659221924686 1.0000000000000002e-06 122
1659222143565 1.0000000000000002e-06 123
1659222365646 1.0000000000000002e-06 124
1659222583713 1.0000000000000002e-06 125
1659222800863 1.0000000000000002e-06 126
1659223021891 1.0000000000000002e-06 127
1659223240574 1.0000000000000002e-06 128
1659223458776 1.0000000000000002e-06 129
1659223679080 1.0000000000000002e-06 130
1659223900861 1.0000000000000002e-06 131
1659224119384 1.0000000000000002e-06 132
1659224336732 1.0000000000000002e-06 133
1659224556540 1.0000000000000002e-06 134
1659224775989 1.0000000000000002e-06 135
1659224996200 1.0000000000000002e-06 136
1659225214731 1.0000000000000002e-06 137
1659225435708 1.0000000000000002e-06 138
1659225655094 1.0000000000000002e-06 139
1659225875291 1.0000000000000002e-06 140
1659226094282 1.0000000000000002e-06 141
1659226314275 1.0000000000000002e-06 142
1659226534672 1.0000000000000002e-06 143
1659226753151 1.0000000000000002e-06 144
1659226973075 1.0000000000000002e-06 145
1659227194539 1.0000000000000002e-06 146
1659227414957 1.0000000000000002e-06 147
1659227634532 1.0000000000000002e-06 148
1659229561479 1.0000000000000002e-06 149
1659229780973 1.0000000000000002e-06 150
1659230000092 1.0000000000000002e-06 151
1659230221731 1.0000000000000002e-06 152
1659230441818 1.0000000000000002e-06 153
1659230663850 1.0000000000000002e-06 154
1659230884444 1.0000000000000002e-06 155
1659231104614 1.0000000000000002e-06 156
1659231325178 1.0000000000000002e-06 157
1659231543738 1.0000000000000002e-06 158
1659231764991 1.0000000000000002e-06 159
1659231986898 1.0000000000000002e-06 160
1659232206919 1.0000000000000002e-06 161
1659232426536 1.0000000000000002e-06 162
