1659195167911 5.937955788682801 0
1659195385221 4.756905809516504 1
1659195603360 3.4816658363622777 2
1659195820511 2.594271610063665 3
1659196039773 2.0711036927535136 4
1659196257222 1.7843068041527537 5
1659196475946 1.6161891160291784 6
1659196692436 1.4956817664819606 7
1659196910537 1.4107060828864504 8
1659197130748 1.3577880745312436 9
1659197350237 1.3122153738088775 10
1659197568371 1.278710162709331 11
1659197788963 1.2508297913296278 12
1659198008221 1.2256395522613972 13
1659198226476 1.2109212719209013 14
1659198446409 1.2000417141886484 15
1659198664917 1.1858899674220391 16
1659198883981 1.1797951268423066 17
1659199102007 1.167832962513529 18
1659199322349 1.1595095758126162 19
1659199540528 1.1532731443365043 20
1659199761752 1.1479622713335744 21
1659199980837 1.1449238002856017 22
1659200201069 1.1419195421083426 23
1659200421854 1.1362762169492981 24
1659200640192 1.1331246261585486 25
1659200857878 1.1317396473157013 26
1659201078449 1.1278736319397267 27
1659201296714 1.1258798889370345 28
1659201514969 1.1250234672500548 29
1659201733489 1.1217070513642644 30
1659201953376 1.1186782707956349 31
1659202174274 1.1169849356988093 32
1659202392603 1.1174527488640136 33
1659202610576 1.1166834527961516 34
1659202829505 1.1132083038605758 35
1659203047742 1.1128616969677871 36
1659203267231 1.1089053997400917 37
1659203485186 1.1102350079580041 38
1659203704586 1.109162988940081 39
1659203921922 1.1179780569255842 40
1659204143509 1.0588159703403468 41
1659204363148 1.0465004105016449 42
1659204581457 1.0399046623121913 43
1659204803311 1.0348852201168695 44
1659205023323 1.0314736604551613 45
1659205243772 1.0278232426215441 46
1659205463354 1.0255429464064556 47
1659205683451 1.0232057669706511 48
1659205902674 1.0212753842751838 49
1659206120563 1.0209230406845318 50
1659206338350 1.0177853506452896 51
1659206558310 1.0166378159433673 52
1659206775654 1.0154780656134506 53
1659206992602 1.0156501449970035 54
1659207210501 1.0131944880222181 55
1659207430196 1.0120948756187804 56
1659207649368 1.011957161277708 57
1659207866177 1.0114711117969104 58
1659208088512 1.0092706102187987 59
1659208310976 1.0089543645092518 60
1659208532327 1.0076946751009284 61
1659208752835 1.0075006177952124 62
1659208972258 1.0075664038546601 63
1659209191078 1.0060645495241844 64
1659209410813 1.005756479487798 65
1659209631224 1.0045416317619644 66
1659209852954 1.004331322432397 67
1659210071885 1.003884947969986 68
1659210290492 1.003285714488398 69
1659210509383 1.009749686577741 70
1659210727011 1.0029254283624536 71
1659210946076 1.0015653234154231 72
1659211166078 0.9995644558698703 73
1659211388308 0.9992463131444973 74
1659211607976 0.998815715800379 75
1659211827111 0.9980061011754464 76
1659212047335 0.9980469942092896 77
1659212268105 0.9974346458911896 78
1659212486553 0.9976759833076396 79
1659212703749 0.9972672859827677 80
1659212923244 0.9970211539530922 81
1659213143584 0.9961972422767104 82
1659213363118 0.9966570509975429 83
1659213581839 0.9967686320804627 84
1659213803277 0.9960108021664065 85
1659214022791 0.995148083550191 86
1659214241738 0.9952004703164797 87
1659214461852 0.9951783094808145 88
1659214681283 0.9945183488684641 89
1659214898955 0.9952281980027615 90
1659215120421 0.994437563322085 91
1659215339795 0.9947494289952836 92
1659215561366 0.9948563438355575 93
1659215781666 0.9946961306443176 94
1659216002710 0.9945056681588536 95
1659216222343 0.9942441305497309 96
1659216442237 0.9939045767386288 97
1659216660077 0.9939701791095398 98
1659216881427 0.993377892909763 99
1659217099814 0.9931845298665111 100
1659217317931 0.9933615967053504 101
1659217537057 0.9934860335689195 102
1659217757762 0.9924600888914037 103
1659217977334 0.9928585001241381 104
1659218197913 0.9932882739143951 105
1659218417050 0.9925849246923054 106
1659218637624 0.9927788270844353 107
1659218856419 0.991761224799686 108
1659219075988 0.992768131591406 109
1659219292380 0.9926615256997331 110
1659219508449 0.9927538952934926 111
1659219730113 0.9925927795964153 112
1659219949713 0.9930493119864436 113
1659220169048 0.9923032567515011 114
1659220390243 0.9919890582144677 115
1659220608185 0.9922402882772796 116
1659220824931 0.9917109692996403 117
1659221045212 0.9914668234505754 118
1659221264072 0.9910795999215414 119
1659221484122 0.9915385662463674 120
1659221703743 0.9910578745847557 121
1659221924686 0.9914136001161326 122
1659222143565 0.9908251070948405 123
1659222365646 0.9911371592315168 124
1659222583713 0.9911614720410896 125
1659222800863 0.9915843636922117 126
1659223021891 0.9903982574479622 127
1659223240574 0.9915216619763896 128
1659223458776 0.9908437185365921 129
1659223679080 0.9903187316704685 130
1659223900861 0.9894773992726078 131
1659224119384 0.9898758294725587 132
1659224336732 0.9904425521200201 133
1659224556540 0.9898494609764644 134
1659224775989 0.9900992953986453 135
1659224996200 0.9896887567401492 136
1659225214731 0.9905543298648557 137
1659225435708 0.9897541627287865 138
1659225655094 0.9899241718176369 139
1659225875291 0.9899142317526234 140
1659226094282 0.9900621224622257 141
1659226314275 0.9893523567601255 142
1659226534672 0.989229788824881 143
1659226753151 0.9895774759788424 144
1659226973075 0.989603253238112 145
1659227194539 0.9893756210456234 146
1659227414957 0.9893051538372708 147
1659227634532 0.9896374198599397 148
1659229561479 0.9888379888845406 149
1659229780973 0.9893511436608864 150
1659230000092 0.9893094321487936 151
1659230221731 0.9887008770046947 152
1659230441818 0.9889740003185852 153
1659230663850 0.988863395544413 154
1659230884444 0.9893730327347728 155
1659231104614 0.9879183217047531 156
1659231325178 0.988922421716495 157
1659231543738 0.9889717300265992 158
1659231764991 0.988751683148623 159
1659231986898 0.9882159852814452 160
1659232206919 0.9882736757432549 161
1659232426536 0.9888857741964505 162
