1659195167911 1.4646023676096345 0
1659195385221 0.6295619902549288 1
1659195603360 0.611343237512252 2
1659195820511 0.5854933094277102 3
1659196039773 0.5675365905269788 4
1659196257222 0.5520538350551936 5
1659196475946 0.5261120168426457 6
1659196692436 0.48168378284748864 7
1659196910537 0.4378144756117102 8
1659197130748 0.39740379697174844 9
1659197350237 0.3483063272173293 10
1659197568371 0.30894113174960974 11
1659197788963 0.27389464661652263 12
1659198008221 0.24195634187226406 13
1659198226476 0.2213826481470762 14
1659198446409 0.2002215899396361 15
1659198664917 0.18125921237712714 16
1659198883981 0.1683724678589898 17
1659199102007 0.1526899890688107 18
1659199322349 0.14146916969748927 19
1659199540528 0.1308035536573451 20
1659199761752 0.1233096705263346 21
1659199980837 0.11724938429015014 22
1659200201069 0.11173923078564466 23
1659200421854 0.10504071787869082 24
1659200640192 0.09780922718127498 25
1659200857878 0.09439280335550927 26
1659201078449 0.09015489891693083 27
1659201296714 0.08402624404645259 28
1659201514969 0.08528277083384124 29
1659201733489 0.08168834458548026 30
1659201953376 0.07604620703409 31
1659202174274 0.07523330870260309 32
1659202392603 0.07058558032490077 33
1659202610576 0.07171933936692783 34
1659202829505 0.0678683931443547 35
1659203047742 0.06773961410714373 36
1659203267231 0.06373075726207297 37
1659203485186 0.0639102182428572 38
1659203704586 0.06394104137754048 39
1659203921922 0.0447142133106216 40
1659204143509 0.02139878805566306 41
1659204363148 0.017154196108621764 42
1659204581457 0.014377900654946185 43
1659204803311 0.01197822486962234 44
1659205023323 0.011766108802556643 45
1659205243772 0.010176497066528092 46
1659205463354 0.008906578419334961 47
1659205683451 0.008297716403565211 48
1659205902674 0.007963168497032465 49
1659206120563 0.008201077574973598 50
1659206338350 0.006705413102446233 51
1659206558310 0.006881912848508679 52
1659206775654 0.006695732013613795 53
1659206992602 0.0068850604885443605 54
1659207210501 0.005708078730120362 55
1659207430196 0.005723250841185346 56
1659207649368 0.005606466306437101 57
1659207866177 0.005779576820219364 58
1659208088512 0.00534664974461689 59
1659208310976 0.005097787321216798 60
1659208532327 0.00515246032812825 61
1659208752835 0.004928294553009923 62
1659208972258 0.004603062732395721 63
1659209191078 0.004373230003038345 64
1659209410813 0.00462154678077759 65
1659209631224 0.0043214129876684056 66
1659209852954 0.004515080398319417 67
1659210071885 0.004173747426339488 68
1659210290492 0.004264517896645103 69
1659210509383 0.00455943009323057 70
1659210727011 0.003640749468742048 71
1659210946076 0.0036991111047627078 72
1659211166078 0.003153345815724496 73
1659211388308 0.0030308137371338147 74
1659211607976 0.002884578576668331 75
1659211827111 0.003042460856611066 76
1659212047335 0.0029649393782801145 77
1659212268105 0.0029836328035884804 78
1659212486553 0.0028465720841351753 79
1659212703749 0.0026326224809014474 80
1659212923244 0.0029274570631338784 81
1659213143584 0.002721550946303627 82
1659213363118 0.002503379202226192 83
1659213581839 0.002780467375527722 84
1659213803277 0.0024977961728392646 85
1659214022791 0.0024637979330026614 86
1659214241738 0.0025409492092174396 87
1659214461852 0.0028497540289470686 88
1659214681283 0.0023964116526898785 89
1659214898955 0.002339731017564874 90
1659215120421 0.0023954413084439187 91
1659215339795 0.0024235962427683645 92
1659215561366 0.0024261066529626617 93
1659215781666 0.0026297634369905113 94
1659216002710 0.002487684905068788 95
1659216222343 0.0026706214994192123 96
1659216442237 0.0025968385726808803 97
1659216660077 0.0023288840206928734 98
1659216881427 0.002386186883358337 99
1659217099814 0.0021976246000579465 100
1659217317931 0.00231020323402488 101
1659217537057 0.0023431380021390223 102
1659217757762 0.0021978007601225905 103
1659217977334 0.002304008685348329 104
1659218197913 0.002552996669182223 105
1659218417050 0.0025049126402379197 106
1659218637624 0.002296807245509318 107
1659218856419 0.0021073069162013238 108
1659219075988 0.0022759163177388997 109
1659219292380 0.002212630359462572 110
1659219508449 0.0022848868998892225 111
1659219730113 0.0022651200292239508 112
1659219949713 0.0026165685447597366 113
1659220169048 0.0021835400194626805 114
1659220390243 0.0022299075488322402 115
1659220608185 0.002287503278085013 116
1659220824931 0.002223895732005882 117
1659221045212 0.002182165945965177 118
1659221264072 0.0017538321852265254 119
1659221484122 0.002093732457237634 120
1659221703743 0.0020976027789694524 121
1659221924686 0.002008074517013662 122
1659222143565 0.0017458759726973895 123
1659222365646 0.0021753651485697076 124
1659222583713 0.002172715512745715 125
1659222800863 0.002143114114417431 126
1659223021891 0.0020305300872141157 127
1659223240574 0.0022197086550076474 128
1659223458776 0.001981779720664865 129
1659223679080 0.0019729092307345414 130
1659223900861 0.0016713113512093584 131
1659224119384 0.001990731468794975 132
1659224336732 0.001969698138614004 133
1659224556540 0.0019451272259499066 134
1659224775989 0.0021321792090148255 135
1659224996200 0.0020043304859017823 136
1659225214731 0.0021609844554635422 137
1659225435708 0.0020738546388380436 138
1659225655094 0.0018893522438897846 139
1659225875291 0.0020745780910049025 140
1659226094282 0.0019344693459832137 141
1659226314275 0.0018268404648317928 142
1659226534672 0.001979382718483584 143
1659226753151 0.001961657676008253 144
1659226973075 0.002089422646579202 145
1659227194539 0.0018317088628211683 146
1659227414957 0.0019152548520991177 147
1659227634532 0.00182847280999663 148
1659229561479 0.0018164527269646231 149
1659229780973 0.001870222287066936 150
1659230000092 0.002041486145410979 151
1659230221731 0.0019995688099553374 152
1659230441818 0.001851441624800666 153
1659230663850 0.0021338249027955335 154
1659230884444 0.001980909582653962 155
1659231104614 0.0017764939846053162 156
1659231325178 0.0020889451827954602 157
1659231543738 0.001905650095237128 158
1659231764991 0.0021097386033389833 159
1659231986898 0.0018206673476270565 160
1659232206919 0.00177142325465936 161
1659232426536 0.0021252795994997162 162
