1659195167911 0.26975469166556726 0
1659195385221 0.040229271893477345 1
1659195603360 0.019402521123316974 2
1659195820511 0.011565646210074191 3
1659196039773 0.00768883757699825 4
1659196257222 0.005635671044485851 5
1659196475946 0.00450494032140876 6
1659196692436 0.0038096622913144527 7
1659196910537 0.00340597263733516 8
1659197130748 0.003079509654839261 9
1659197350237 0.0028810737514323747 10
1659197568371 0.002737114400254312 11
1659197788963 0.0026182412260569374 12
1659198008221 0.002504638403692223 13
1659198226476 0.00242989313113367 14
1659198446409 0.0023648594112587514 15
1659198664917 0.002296254485409859 16
1659198883981 0.002226593802521466 17
1659199102007 0.002174726547209321 18
1659199322349 0.002131996140216921 19
1659199540528 0.0020753136439146647 20
1659199761752 0.002018606781526436 21
1659199980837 0.001964246921484426 22
1659200201069 0.0019014412849600512 23
1659200421854 0.0018763020974252474 24
1659200640192 0.001850329001872481 25
1659200857878 0.001813781481936351 26
1659201078449 0.001762367131244478 27
1659201296714 0.0017166817873325482 28
1659201514969 0.001685255334523134 29
1659201733489 0.0016375714493833647 30
1659201953376 0.0016095734134868058 31
1659202174274 0.0015630393931077738 32
1659202392603 0.0015368299482425305 33
1659202610576 0.001505394281817274 34
1659202829505 0.0014468329672982915 35
1659203047742 0.0014172838184135484 36
1659203267231 0.0013892628557669983 37
1659203485186 0.0013510612784562784 38
1659203704586 0.0013216652785133479 39
1659203921922 0.0011340756566136786 40
1659204143509 0.0010522388916422544 41
1659204363148 0.0010318892072803541 42
1659204581457 0.0010157209627518525 43
1659204803311 0.000989539761392224 44
1659205023323 0.0009705771026304664 45
1659205243772 0.0009525028985598297 46
1659205463354 0.0009326842973211732 47
1659205683451 0.0009159529117366288 48
1659205902674 0.0009049435010630799 49
1659206120563 0.0008874131813097526 50
1659206338350 0.0008696187285514657 51
1659206558310 0.0008431144196521578 52
1659206775654 0.0008358681528282559 53
1659206992602 0.0008205486720052923 54
1659207210501 0.0008060572120075396 55
1659207430196 0.0007953385290699581 56
1659207649368 0.000776928008969509 57
1659207866177 0.0007662726437987802 58
1659208088512 0.0007456321270216938 59
1659208310976 0.0007288946687362313 60
1659208532327 0.0007151394077412473 61
1659208752835 0.0007046561982268793 62
1659208972258 0.0006918350757815881 63
1659209191078 0.0006744491435758965 64
1659209410813 0.0006666327732499301 65
1659209631224 0.0006484347451906999 66
1659209852954 0.0006387370963604216 67
1659210071885 0.0006270299409897845 68
1659210290492 0.0006139998835270495 69
1659210509383 0.0005748178244924502 70
1659210727011 0.0005700204137247056 71
1659210946076 0.0005726713540741097 72
1659211166078 0.0005694876688463062 73
1659211388308 0.0005691266008200096 74
1659211607976 0.0005690930341860001 75
1659211827111 0.000565244508035444 76
1659212047335 0.0005637582522840836 77
1659212268105 0.0005618547390137488 78
1659212486553 0.0005618322109521089 79
1659212703749 0.0005605066070624915 80
1659212923244 0.0005563493561494738 81
1659213143584 0.0005550730006758407 82
1659213363118 0.0005526811951456934 83
1659213581839 0.0005489365682690999 84
1659213803277 0.0005478027877384298 85
1659214022791 0.0005447230385875122 86
1659214241738 0.000542427738685956 87
1659214461852 0.0005395534265046477 88
1659214681283 0.0005384082392531998 89
1659214898955 0.0005388229916557045 90
1659215120421 0.0005368737697640395 91
1659215339795 0.0005351464933143724 92
1659215561366 0.0005321877800379213 93
1659215781666 0.0005313799676823629 94
1659216002710 0.0005302815447753568 95
1659216222343 0.0005292468732098087 96
1659216442237 0.0005264512161528922 97
1659216660077 0.0005249654873589997 98
1659216881427 0.0005238713717610885 99
1659217099814 0.0005183075518417363 100
1659217317931 0.0005182210125765609 101
1659217537057 0.0005156866174277045 102
1659217757762 0.000514567651305561 103
1659217977334 0.0005131424847018152 104
1659218197913 0.0005113809713514448 105
1659218417050 0.000509943326956388 106
1659218637624 0.0005086968410882706 107
1659218856419 0.0005040963464253174 108
1659219075988 0.0005072237639147701 109
1659219292380 0.0005042476502972438 110
1659219508449 0.000502744551107546 111
1659219730113 0.0005012789517340203 112
1659219949713 0.000503250732895379 113
1659220169048 0.0005000269000298665 114
1659220390243 0.0004967022679395006 115
1659220608185 0.0004950090862518475 116
1659220824931 0.0004914658034839755 117
1659221045212 0.0004904406447226914 118
1659221264072 0.0004901018795100383 119
1659221484122 0.0004899322249646141 120
1659221703743 0.0004875758070190987 121
1659221924686 0.00048517835902177434 122
1659222143565 0.0004845517210482302 123
1659222365646 0.00048159683715878434 124
1659222583713 0.000483309499855441 125
1659222800863 0.00048176089704903235 126
1659223021891 0.0004772120946814028 127
1659223240574 0.0004778454745679188 128
1659223458776 0.00047378292535437154 129
1659223679080 0.0004692197926339777 130
1659223900861 0.00046835415178044713 131
1659224119384 0.00046814510401188054 132
1659224336732 0.00046860486198654363 133
1659224556540 0.0004677887229233614 134
1659224775989 0.000466013448285647 135
1659224996200 0.00046433664559377926 136
1659225214731 0.0004640650751898306 137
1659225435708 0.0004618289693047632 138
1659225655094 0.0004624971345003921 139
1659225875291 0.00046142903452387965 140
1659226094282 0.00045950930418781457 141
1659226314275 0.0004563283471374266 142
1659226534672 0.00045655486867784913 143
1659226753151 0.00045473927985582353 144
1659226973075 0.0004525640014154841 145
1659227194539 0.00045226730145878064 146
1659227414957 0.00044994836986074705 147
1659227634532 0.000451289595781486 148
1659229561479 0.00044680037667863156 149
1659229780973 0.0004475776215369408 150
1659230000092 0.0004453778516046445 151
1659230221731 0.00044295816320793216 152
1659230441818 0.0004433770699736066 153
1659230663850 0.0004414388367027114 154
1659230884444 0.0004435837667715022 155
1659231104614 0.00043741947286936376 156
1659231325178 0.0004360256004916038 157
1659231543738 0.00043633593935530403 158
1659231764991 0.0004340734930075945 159
1659231986898 0.0004335224276414537 160
1659232206919 0.0004311807838934354 161
1659232426536 0.00043232649724507397 162
