1659092239274 2.2404661107771466 0
1659092266219 1.4774165200715017 1
1659092295101 0.6847959695493474 2
1659092323808 0.3734062565307991 3
1659092351433 0.23418077665801143 4
1659092379106 0.1640097171363264 5
1659092406799 0.11588732434418236 6
1659092435175 0.08691146162034262 7
1659092462925 0.06115355676427336 8
1659092492095 0.05482155018218673 9
1659092519180 0.044056454756398605 10
1659092549156 0.03471472179151926 11
1659092577213 0.03072405220283305 12
1659092605106 0.028813174268340364 13
1659092632958 0.020565980671010183 14
1659092661055 0.018861635204623726 15
1659092689427 0.015617775484262145 16
1659092717641 0.013105814390834056 17
1659092745376 0.013776096552241556 18
1659092772182 0.011319501592897543 19
1659092801510 0.012526411830567487 20
1659092829597 0.010437015831322954 21
1659092856963 0.009126029871773012 22
1659092886216 0.007616764582766622 23
1659092914271 0.0081572730444593 24
1659092942813 0.00727899337537808 25
1659092970380 0.00843943674855008 26
