1659092239274 11.37110188927981 0
1659092266219 9.087863237550943 1
1659092295101 4.486602152095122 2
1659092323808 2.6989802425982905 3
1659092351433 2.382441008792204 4
1659092379106 2.29233721931382 5
1659092406799 2.33606223068615 6
1659092435175 2.39927335540847 7
1659092462925 2.5274089090894947 8
1659092492095 2.6062945092078484 9
1659092519180 2.6580872960609967 10
1659092549156 2.723245249075048 11
1659092577213 2.8036530882704493 12
1659092605106 2.8109347516415166 13
1659092632958 2.8601024104099646 14
1659092661055 2.9196998558792413 15
1659092689427 2.9572444756825766 16
1659092717641 2.9989492098490396 17
1659092745376 3.045653321955464 18
1659092772182 3.0355037580622306 19
1659092801510 3.07433015993326 20
1659092829597 3.0679627975614943 21
1659092856963 3.111945031893135 22
1659092886216 3.0698605986202465 23
1659092914271 3.101123014298996 24
1659092942813 3.1213743828310827 25
1659092970380 3.1339438457300166 26
