1659092239274 9.68354335633835 0
1659092266219 8.22860075223564 1
1659092295101 4.429736925106423 2
1659092323808 2.9906973908929264 3
1659092351433 2.9412836911631564 4
1659092379106 3.037158548241795 5
1659092406799 3.2686811012796837 6
1659092435175 3.4838996500071913 7
1659092462925 3.7855072469994573 8
1659092492095 3.956815186113414 9
1659092519180 4.095877045452005 10
1659092549156 4.23605506326638 11
1659092577213 4.383528704736747 12
1659092605106 4.431874214434156 13
1659092632958 4.563835770476098 14
1659092661055 4.691361408607633 15
1659092689427 4.743029033436494 16
1659092717641 4.874350758159862 17
1659092745376 4.930705722015683 18
1659092772182 4.951849923275485 19
1659092801510 5.019304596551574 20
1659092829597 5.027264042656021 21
1659092856963 5.130270584975139 22
1659092886216 5.111908164678836 23
1659092914271 5.14291527247665 24
1659092942813 5.223665317686478 25
1659092970380 5.222186456812491 26
