1659092239274 12.663009643554688 0
1659092266219 10.475107192993164 1
1659092295101 8.301513671875 2
1659092323808 6.886811256408691 3
1659092351433 5.767786502838135 4
1659092379106 4.8375420570373535 5
1659092406799 4.019409656524658 6
1659092435175 3.3366222381591797 7
1659092462925 2.8011703491210938 8
1659092492095 2.4384262561798096 9
1659092519180 2.1434314250946045 10
1659092549156 1.9306186437606812 11
1659092577213 1.8157017230987549 12
1659092605106 1.718997836112976 13
1659092632958 1.6106525659561157 14
1659092661055 1.5594797134399414 15
1659092689427 1.5168718099594116 16
1659092717641 1.458943486213684 17
1659092745376 1.4566940069198608 18
1659092772182 1.4244129657745361 19
1659092801510 1.4065985679626465 20
1659092829597 1.386744737625122 21
1659092856963 1.360142469406128 22
1659092886216 1.3370535373687744 23
1659092914271 1.3343702554702759 24
1659092942813 1.313934326171875 25
1659092970380 1.3183115720748901 26
