1659092239274 22.37671918208056 0
1659092266219 20.73073955573658 1
1659092295101 14.499505706861907 2
1659092323808 11.674698820301131 3
1659092351433 11.22043986413993 4
1659092379106 11.126479007229946 5
1659092406799 11.245309074326316 6
1659092435175 11.407631864642152 7
1659092462925 11.68246049220019 8
1659092492095 11.888866707830147 9
1659092519180 11.991560747127721 10
1659092549156 12.108883539835611 11
1659092577213 12.250005478952446 12
1659092605106 12.23896598815918 13
1659092632958 12.335672051298852 14
1659092661055 12.42895648058723 15
1659092689427 12.46805897881003 16
1659092717641 12.558622397628485 17
1659092745376 12.62556247900028 18
1659092772182 12.591796610615042 19
1659092801510 12.650705573582414 20
1659092829597 12.605063580050327 21
1659092856963 12.679717016692209 22
1659092886216 12.62389216703527 23
1659092914271 12.598377492168161 24
1659092942813 12.678314869946773 25
1659092970380 12.64292307183294 26
