1659092239274 0.0001 0
1659092266219 1e-05 1
1659092295101 2e-05 2
1659092323808 3e-05 3
1659092351433 4e-05 4
1659092379106 5e-05 5
1659092406799 6e-05 6
1659092435175 7e-05 7
1659092462925 8e-05 8
1659092492095 9e-05 9
1659092519180 0.0001 10
1659092549156 0.0001 11
1659092577213 0.0001 12
1659092605106 0.0001 13
1659092632958 0.0001 14
1659092661055 0.0001 15
1659092689427 0.0001 16
1659092717641 0.0001 17
1659092745376 0.0001 18
1659092772182 0.0001 19
1659092801510 0.0001 20
1659092829597 0.0001 21
1659092856963 0.0001 22
1659092886216 0.0001 23
1659092914271 0.0001 24
1659092942813 0.0001 25
1659092970380 0.0001 26
