1659092239274 2.68306032265767 0
1659092266219 1.742633824301238 1
1659092295101 1.014655651999455 2
1659092323808 0.705314870558533 3
1659092351433 0.5750268136753756 4
1659092379106 0.4750775426331133 5
1659092406799 0.3899669288703711 6
1659092435175 0.32373128093705317 7
1659092462925 0.2620303247234609 8
1659092492095 0.23441095495283013 9
1659092519180 0.20239106182119634 10
1659092549156 0.1726697583993276 11
1659092577213 0.15937371730950534 12
1659092605106 0.14555317744174423 13
1659092632958 0.11621905834067102 14
1659092661055 0.10723885210851829 15
1659092689427 0.10269553831541071 16
1659092717641 0.0836897163524055 17
1659092745376 0.08791716677127498 18
1659092772182 0.07731558705246684 19
1659092801510 0.07764495695286458 20
1659092829597 0.07058274804955662 21
1659092856963 0.06242604402474838 22
1659092886216 0.05660250037908554 23
1659092914271 0.06016448058999411 24
1659092942813 0.05251289734450897 25
1659092970380 0.0577668824998459 26
