1659092239274 1.1399810827604615 0
1659092266219 0.7933047862336187 1
1659092295101 0.5079374183334556 2
1659092323808 0.36222103983163834 3
1659092351433 0.2751643440010501 4
1659092379106 0.21601261467774316 5
1659092406799 0.17180077661529625 6
1659092435175 0.13862144104251178 7
1659092462925 0.11384531992976324 8
1659092492095 0.09443473109588174 9
1659092519180 0.07905849227958386 10
1659092549156 0.06632850208666687 11
1659092577213 0.05677676584808996 12
1659092605106 0.048645003397455984 13
1659092632958 0.04225368464968222 14
1659092661055 0.03711151243096181 15
1659092689427 0.032690063990908215 16
1659092717641 0.029132288328244115 17
1659092745376 0.026320673502280865 18
1659092772182 0.023557016713600054 19
1659092801510 0.021347987221203523 20
1659092829597 0.019293871012027605 21
1659092856963 0.017764973772302416 22
1659092886216 0.01601956197170212 23
1659092914271 0.014964244761826968 24
1659092942813 0.013987727998064296 25
1659092970380 0.012986510627820054 26
