1659092239274 6.5995022424376835 0
1659092266219 6.461752018125931 1
1659092295101 6.094124541563146 2
1659092323808 5.445868627697814 3
1659092351433 4.683414522339316 4
1659092379106 3.982442039074284 5
1659092406799 3.3417542901369606 6
1659092435175 2.787358253309042 7
1659092462925 2.36414100274001 8
1659092492095 2.0547590350160503 9
1659092519180 1.817925539347205 10
1659092549156 1.656905590319166 11
1659092577213 1.568827091478834 12
1659092605106 1.4959863482737075 13
1659092632958 1.4316139244565778 14
1659092661055 1.3962675660264259 15
1659092689427 1.3658683381828607 16
1659092717641 1.3330156020089692 17
1659092745376 1.3286802237576778 18
1659092772182 1.3122208885627218 19
1659092801510 1.2950791911323472 20
1659092829597 1.2864311402386959 21
1659092856963 1.2708254356195432 22
1659092886216 1.2568147603203268 23
1659092914271 1.251084279305864 24
1659092942813 1.24015477152154 25
1659092970380 1.2391188003049038 26
