1659179556845 1.9804903268814087 0
1659179559412 2.074318528175354 1
1659179561953 1.8673027753829956 2
1659179564556 1.92910498380661 3
1659179567121 1.6221520900726318 4
1659179569773 1.6147862076759338 5
1659179572374 1.4041056632995605 6
1659179574935 1.2184253931045532 7
1659179577560 1.1978278756141663 8
1659179580181 0.9621791839599609 9
1659179582834 0.9441281259059906 10
1659179585433 0.7106105983257294 11
1659179588087 0.6219978928565979 12
1659179590761 0.4899928867816925 13
1659179593392 0.3535304069519043 14
1659179596073 0.4009276479482651 15
1659179598819 0.25872790813446045 16
1659179601492 0.24888356775045395 17
1659179604184 0.16041075438261032 18
1659179606872 0.13254042714834213 19
1659179609547 0.07665279880166054 20
1659179612182 0.10788068920373917 21
1659179614972 0.011892188340425491 22
1659179617620 0.04669072479009628 23
1659179620380 0.04699263535439968 24
1659179623036 0.028911083936691284 25
1659179625716 0.020743070170283318 26
1659179628390 0.013881400227546692 27
1659179631109 0.0002427324652671814 28
1659179633845 0.0033311545848846436 29
1659179636520 0.019428839907050133 30
1659179639280 0.03444705531001091 31
1659179642044 0.004689253866672516 32
1659179644779 0.022851871326565742 33
1659179647351 0.0 34
1659179650067 0.0029769353568553925 35
1659179652893 0.007512990385293961 36
1659179655556 0.005166422575712204 37
1659179658320 0.008243164047598839 38
