1659179556845 11.657632827758789 0
1659179559412 11.637598037719727 1
1659179561953 11.453705310821533 2
1659179564556 11.418980121612549 3
1659179567121 11.017021656036377 4
1659179569773 10.942075729370117 5
1659179572374 10.78955602645874 6
1659179574935 10.6014084815979 7
1659179577560 10.531601905822754 8
1659179580181 10.426986694335938 9
1659179582834 10.39546251296997 10
1659179585433 10.153800010681152 11
1659179588087 9.962843418121338 12
1659179590761 9.725649356842041 13
1659179593392 9.711240768432617 14
1659179596073 9.534140586853027 15
1659179598819 9.406593322753906 16
1659179601492 9.455527782440186 17
1659179604184 9.226790428161621 18
1659179606872 9.080939769744873 19
1659179609547 8.953344345092773 20
1659179612182 9.08866262435913 21
1659179614972 8.916804313659668 22
1659179617620 8.873817443847656 23
1659179620380 8.894186973571777 24
1659179623036 8.7768874168396 25
1659179625716 8.685976505279541 26
1659179628390 8.690319538116455 27
1659179631109 8.500165462493896 28
1659179633845 8.668265342712402 29
1659179636520 8.72185230255127 30
1659179639280 8.717370986938477 31
1659179642044 8.486034870147705 32
1659179644779 8.447598457336426 33
1659179647351 8.330169677734375 34
1659179650067 8.437487602233887 35
1659179652893 8.386317253112793 36
1659179655556 8.340049743652344 37
1659179658320 8.302093505859375 38
