1659179556845 10.379250049591064 0
1659179559412 10.309911727905273 1
1659179561953 10.327932834625244 2
1659179564556 10.222265720367432 3
1659179567121 10.24556589126587 4
1659179569773 10.097993850708008 5
1659179572374 10.352055072784424 6
1659179574935 10.428503513336182 7
1659179577560 10.436684608459473 8
1659179580181 10.737387657165527 9
1659179582834 10.76565170288086 10
1659179585433 11.092295169830322 11
1659179588087 11.149391174316406 12
1659179590761 11.43701457977295 13
1659179593392 11.779461860656738 14
1659179596073 11.745789527893066 15
1659179598819 12.039459705352783 16
1659179601492 12.064539432525635 17
1659179604184 12.41537618637085 18
1659179606872 12.240591049194336 19
1659179609547 12.485794067382812 20
1659179612182 12.599407196044922 21
1659179614972 12.7117338180542 22
1659179617620 13.126155376434326 23
1659179620380 13.076091289520264 24
1659179623036 13.300226211547852 25
1659179625716 13.217254161834717 26
1659179628390 13.297247886657715 27
1659179631109 13.65343713760376 28
1659179633845 13.494669437408447 29
1659179636520 13.345284938812256 30
1659179639280 13.5576753616333 31
1659179642044 13.799453735351562 32
1659179644779 13.98314619064331 33
1659179647351 14.139309406280518 34
1659179650067 14.15812063217163 35
1659179652893 13.795315742492676 36
1659179655556 13.863336086273193 37
1659179658320 13.985761642456055 38
