1659179556845 9.643203735351562 0
1659179559412 9.486827850341797 1
1659179561953 8.970111846923828 2
1659179564556 8.818830490112305 3
1659179567121 7.804130554199219 4
1659179569773 7.643959045410156 5
1659179572374 7.189765930175781 6
1659179574935 6.49555778503418 7
1659179577560 6.329507827758789 8
1659179580181 5.6790266036987305 9
1659179582834 5.464350700378418 10
1659179585433 4.777539253234863 11
1659179588087 4.377996444702148 12
1659179590761 3.963883399963379 13
1659179593392 3.531933307647705 14
1659179596073 3.5447030067443848 15
1659179598819 2.9702353477478027 16
1659179601492 2.9127895832061768 17
1659179604184 2.512756586074829 18
1659179606872 2.329101085662842 19
1659179609547 2.034499406814575 20
1659179612182 2.0654489994049072 21
1659179614972 1.6593031883239746 22
1659179617620 1.7187581062316895 23
1659179620380 1.601733922958374 24
1659179623036 1.3848665952682495 25
1659179625716 1.3557956218719482 26
1659179628390 1.2663381099700928 27
1659179631109 1.0971394777297974 28
1659179633845 1.0895556211471558 29
1659179636520 1.1624675989151 30
1659179639280 1.1662132740020752 31
1659179642044 1.0110933780670166 32
1659179644779 1.0657137632369995 33
1659179647351 0.8901646137237549 34
1659179650067 0.942964494228363 35
1659179652893 0.9766043424606323 36
1659179655556 0.9693392515182495 37
1659179658320 0.9202104806900024 38
