1659179556845 22.788297653198242 0
1659179559412 22.71854019165039 1
1659179561953 22.727437019348145 2
1659179564556 22.78041362762451 3
1659179567121 22.74992275238037 4
1659179569773 22.73087978363037 5
1659179572374 22.90361213684082 6
1659179574935 22.970419883728027 7
1659179577560 23.049427032470703 8
1659179580181 23.157583236694336 9
1659179582834 23.211368560791016 10
1659179585433 23.367043495178223 11
1659179588087 23.44650650024414 12
1659179590761 23.55033302307129 13
1659179593392 23.65450954437256 14
1659179596073 23.712082862854004 15
1659179598819 23.772817611694336 16
1659179601492 23.791621208190918 17
1659179604184 23.981146812438965 18
1659179606872 23.929100036621094 19
1659179609547 24.06990146636963 20
1659179612182 24.035987854003906 21
1659179614972 24.059988021850586 22
1659179617620 24.244386672973633 23
1659179620380 24.281567573547363 24
1659179623036 24.286935806274414 25
1659179625716 24.348278045654297 26
1659179628390 24.260165214538574 27
1659179631109 24.36427593231201 28
1659179633845 24.355119705200195 29
1659179636520 24.223023414611816 30
1659179639280 24.371031761169434 31
1659179642044 24.427003860473633 32
1659179644779 24.429336547851562 33
1659179647351 24.478875160217285 34
1659179650067 24.4851713180542 35
1659179652893 24.35745906829834 36
1659179655556 24.401001930236816 37
1659179658320 24.365760803222656 38
