1659179556845 0.0001 0
1659179559412 1e-05 1
1659179561953 2e-05 2
1659179564556 3e-05 3
1659179567121 4e-05 4
1659179569773 5e-05 5
1659179572374 6e-05 6
1659179574935 7e-05 7
1659179577560 8e-05 8
1659179580181 9e-05 9
1659179582834 0.0001 10
1659179585433 0.0001 11
1659179588087 0.0001 12
1659179590761 0.0001 13
1659179593392 0.0001 14
1659179596073 0.0001 15
1659179598819 0.0001 16
1659179601492 0.0001 17
1659179604184 0.0001 18
1659179606872 0.0001 19
1659179609547 0.0001 20
1659179612182 0.0001 21
1659179614972 0.0001 22
1659179617620 0.0001 23
1659179620380 0.0001 24
1659179623036 0.0001 25
1659179625716 0.0001 26
1659179628390 0.0001 27
1659179631109 0.0001 28
1659179633845 0.0001 29
1659179636520 0.0001 30
1659179639280 0.0001 31
1659179642044 0.0001 32
1659179644779 0.0001 33
1659179647351 0.0001 34
1659179650067 0.0001 35
1659179652893 0.0001 36
1659179655556 0.0001 37
1659179658320 0.0001 38
