1659179556845 2.928489565849304 0
1659179559412 2.9165163040161133 1
1659179561953 2.7606966495513916 2
1659179564556 2.6908692121505737 3
1659179567121 2.1131874322891235 4
1659179569773 2.0893746614456177 5
1659179572374 1.9839346408843994 6
1659179574935 1.6164296865463257 7
1659179577560 1.6205454468727112 8
1659179580181 1.370824933052063 9
1659179582834 1.3394737243652344 10
1659179585433 1.076477289199829 11
1659179588087 0.9329461753368378 12
1659179590761 0.8249532878398895 13
1659179593392 0.7040225863456726 14
1659179596073 0.8132353723049164 15
1659179598819 0.5421290993690491 16
1659179601492 0.6145309805870056 17
1659179604184 0.46484455466270447 18
1659179606872 0.4201481491327286 19
1659179609547 0.30557142198085785 20
1659179612182 0.3968735337257385 21
1659179614972 0.2006567195057869 22
1659179617620 0.3120961934328079 23
1659179620380 0.2675595134496689 24
1659179623036 0.16073590517044067 25
1659179625716 0.18869981169700623 26
1659179628390 0.15530594438314438 27
1659179631109 0.06463901698589325 28
1659179633845 0.08683518320322037 29
1659179636520 0.14817743003368378 30
1659179639280 0.17138300091028214 31
1659179642044 0.0860804058611393 32
1659179644779 0.1435428336262703 33
1659179647351 0.030005905777215958 34
1659179650067 0.08186831325292587 35
1659179652893 0.10973508656024933 36
1659179655556 0.12515323609113693 37
1659179658320 0.07652922347187996 38
