1659179556845 1.2437299489974976 0
1659179559412 1.0069012343883514 1
1659179561953 0.8698768019676208 2
1659179564556 0.7495610415935516 3
1659179567121 0.6669752597808838 4
1659179569773 0.5945835113525391 5
1659179572374 0.531197726726532 6
1659179574935 0.47542931139469147 7
1659179577560 0.4270530343055725 8
1659179580181 0.3819095343351364 9
1659179582834 0.3434227257966995 10
1659179585433 0.3107171803712845 11
1659179588087 0.2800268679857254 12
1659179590761 0.25214821845293045 13
1659179593392 0.22773350030183792 14
1659179596073 0.20590677112340927 15
1659179598819 0.18589749187231064 16
1659179601492 0.16975754499435425 17
1659179604184 0.15478399395942688 18
1659179606872 0.13960795104503632 19
1659179609547 0.12825308740139008 20
1659179612182 0.11715349927544594 21
1659179614972 0.10654283314943314 22
1659179617620 0.09978080913424492 23
1659179620380 0.09181217849254608 24
1659179623036 0.08445065841078758 25
1659179625716 0.07851386442780495 26
1659179628390 0.07244057208299637 27
1659179631109 0.06720224022865295 28
1659179633845 0.06274657882750034 29
1659179636520 0.05882342532277107 30
1659179639280 0.05669879913330078 31
1659179642044 0.052562857046723366 32
1659179644779 0.04940873011946678 33
1659179647351 0.046914953738451004 34
1659179650067 0.04511033371090889 35
1659179652893 0.042252907529473305 36
1659179655556 0.040393102914094925 37
1659179658320 0.03853822313249111 38
