1659179556845 3.4904943704605103 0
1659179559412 3.4890918731689453 1
1659179561953 3.472235083580017 2
1659179564556 3.4492950439453125 3
1659179567121 3.4018160104751587 4
1659179569773 3.3452144861221313 5
1659179572374 3.270527958869934 6
1659179574935 3.18527352809906 7
1659179577560 3.0840810537338257 8
1659179580181 2.964112401008606 9
1659179582834 2.8373260498046875 10
1659179585433 2.6797338724136353 11
1659179588087 2.5430257320404053 12
1659179590761 2.396789073944092 13
1659179593392 2.246646761894226 14
1659179596073 2.1246330738067627 15
1659179598819 1.9834807515144348 16
1659179601492 1.87961745262146 17
1659179604184 1.7327173352241516 18
1659179606872 1.6368047595024109 19
1659179609547 1.524022102355957 20
1659179612182 1.4435412883758545 21
1659179614972 1.3402115106582642 22
1659179617620 1.2601903676986694 23
1659179620380 1.1953697204589844 24
1659179623036 1.1107689142227173 25
1659179625716 1.0678388476371765 26
1659179628390 1.0247101783752441 27
1659179631109 0.9650554955005646 28
1659179633845 0.9366427361965179 29
1659179636520 0.9360378980636597 30
1659179639280 0.9036843478679657 31
1659179642044 0.8677608370780945 32
1659179644779 0.8499102592468262 33
1659179647351 0.8132437467575073 34
1659179650067 0.8130089342594147 35
1659179652893 0.8171033561229706 36
1659179655556 0.7986264824867249 37
1659179658320 0.796899825334549 38
