1659182008883 1.9584909677505493 0
1659182013357 1.9111935496330261 1
1659182017875 1.8714678883552551 2
1659182022534 1.7953101992607117 3
1659182027028 1.615897297859192 4
1659182031521 1.5334836840629578 5
1659182036122 1.4598276615142822 6
1659182040670 1.367290437221527 7
1659182044835 1.2095910906791687 8
1659182049395 1.1801095604896545 9
1659182053978 1.0533801913261414 10
1659182058643 0.7835852801799774 11
1659182063291 0.64975705742836 12
1659182067925 0.584863692522049 13
1659182072560 0.5088202357292175 14
1659182077152 0.3525731712579727 15
1659182081719 0.3848680108785629 16
1659182086393 0.3067104071378708 17
1659182091001 0.21892137080430984 18
1659182095692 0.1769443303346634 19
1659182100417 0.1129605770111084 20
1659182105117 0.10517895221710205 21
1659182109773 0.10044733807444572 22
1659182114477 0.07565062493085861 23
1659182119133 0.05682212486863136 24
1659182123779 0.03612089529633522 25
1659182128491 0.008397506549954414 26
1659182133313 0.009263256564736366 27
1659182138050 0.02802415005862713 28
1659182142965 0.002154197543859482 29
1659182147755 0.008701089769601822 30
1659182152464 0.005530884489417076 31
1659182157217 0.006636137142777443 32
1659182162055 0.01024269126355648 33
1659182166851 0.003343762829899788 34
1659182171651 0.00481063686311245 35
1659182176582 0.016953086480498314 36
1659182181458 0.0031619705259799957 37
1659182186360 0.00663255900144577 38
