1659182008883 9.586912155151367 0
1659182013357 9.271736145019531 1
1659182017875 8.724535942077637 2
1659182022534 8.602620124816895 3
1659182027028 8.094846725463867 4
1659182031521 7.5171003341674805 5
1659182036122 7.281839847564697 6
1659182040670 6.928747653961182 7
1659182044835 6.466484069824219 8
1659182049395 6.180920124053955 9
1659182053978 5.720810890197754 10
1659182058643 4.947050094604492 11
1659182063291 4.550845146179199 12
1659182067925 4.263564586639404 13
1659182072560 3.874441623687744 14
1659182077152 3.3255763053894043 15
1659182081719 3.2746777534484863 16
1659182086393 2.9936680793762207 17
1659182091001 2.696573495864868 18
1659182095692 2.449352741241455 19
1659182100417 2.1779913902282715 20
1659182105117 2.0220088958740234 21
1659182109773 1.9681140184402466 22
1659182114477 1.7353942394256592 23
1659182119133 1.6290130615234375 24
1659182123779 1.4983973503112793 25
1659182128491 1.3165605068206787 26
1659182133313 1.2994273900985718 27
1659182138050 1.293224811553955 28
1659182142965 1.0895428657531738 29
1659182147755 1.0872684717178345 30
1659182152464 1.0204834938049316 31
1659182157217 1.0274262428283691 32
1659182162055 1.0548828840255737 33
1659182166851 0.9556981325149536 34
1659182171651 0.97585129737854 35
1659182176582 1.0080642700195312 36
1659182181458 0.9665634632110596 37
1659182186360 0.9412937164306641 38
