1659182008883 10.313764095306396 0
1659182013357 10.406567096710205 1
1659182017875 10.211535453796387 2
1659182022534 10.362139225006104 3
1659182027028 10.330358982086182 4
1659182031521 10.187665939331055 5
1659182036122 10.304299354553223 6
1659182040670 10.322056770324707 7
1659182044835 10.417484283447266 8
1659182049395 10.429467678070068 9
1659182053978 10.70976448059082 10
1659182058643 11.076162815093994 11
1659182063291 11.250045776367188 12
1659182067925 11.39182424545288 13
1659182072560 11.574181079864502 14
1659182077152 12.049499988555908 15
1659182081719 11.983722686767578 16
1659182086393 12.147294998168945 17
1659182091001 12.1245698928833 18
1659182095692 12.392517566680908 19
1659182100417 12.772384643554688 20
1659182105117 12.775776386260986 21
1659182109773 13.003497123718262 22
1659182114477 13.000797271728516 23
1659182119133 13.464451789855957 24
1659182123779 13.407978534698486 25
1659182128491 13.502760887145996 26
1659182133313 13.648853778839111 27
1659182138050 13.565548419952393 28
1659182142965 13.62310791015625 29
1659182147755 13.96852731704712 30
1659182152464 14.072176456451416 31
1659182157217 14.118828773498535 32
1659182162055 13.742311954498291 33
1659182166851 13.913236141204834 34
1659182171651 14.091241836547852 35
1659182176582 14.08125638961792 36
1659182181458 14.085299015045166 37
1659182186360 14.388891220092773 38
