1659182008883 11.565939903259277 0
1659182013357 11.542859077453613 1
1659182017875 11.352784633636475 2
1659182022534 11.448754787445068 3
1659182027028 11.135244846343994 4
1659182031521 10.923054695129395 5
1659182036122 10.942131996154785 6
1659182040670 10.775359153747559 7
1659182044835 10.610482215881348 8
1659182049395 10.555908203125 9
1659182053978 10.429805755615234 10
1659182058643 10.13263988494873 11
1659182063291 10.057196617126465 12
1659182067925 9.976083278656006 13
1659182072560 9.908897399902344 14
1659182077152 9.816264629364014 15
1659182081719 9.636927127838135 16
1659182086393 9.500978469848633 17
1659182091001 9.49836254119873 18
1659182095692 9.42745304107666 19
1659182100417 9.358528137207031 20
1659182105117 9.13610315322876 21
1659182109773 9.128549575805664 22
1659182114477 9.168802738189697 23
1659182119133 9.076707363128662 24
1659182123779 8.994181632995605 25
1659182128491 8.939929962158203 26
1659182133313 8.913281917572021 27
1659182138050 8.867770671844482 28
1659182142965 8.74746322631836 29
1659182147755 8.607513904571533 30
1659182152464 8.645978450775146 31
1659182157217 8.705348014831543 32
1659182162055 8.718987464904785 33
1659182166851 8.63999891281128 34
1659182171651 8.57477617263794 35
1659182176582 8.6829252243042 36
1659182181458 8.59321117401123 37
1659182186360 8.603885173797607 38
