1659182008883 22.720290184020996 0
1659182013357 22.825857162475586 1
1659182017875 22.78483486175537 2
1659182022534 22.768486976623535 3
1659182027028 22.850425720214844 4
1659182031521 22.775606155395508 5
1659182036122 22.793832778930664 6
1659182040670 22.83424949645996 7
1659182044835 22.868547439575195 8
1659182049395 23.00000762939453 9
1659182053978 23.110912322998047 10
1659182058643 23.390525817871094 11
1659182063291 23.403186798095703 12
1659182067925 23.529136657714844 13
1659182072560 23.654064178466797 14
1659182077152 23.78474712371826 15
1659182081719 23.842848777770996 16
1659182086393 23.86683940887451 17
1659182091001 23.91933250427246 18
1659182095692 24.016246795654297 19
1659182100417 24.151123046875 20
1659182105117 24.16905975341797 21
1659182109773 24.23906421661377 22
1659182114477 24.253034591674805 23
1659182119133 24.457505226135254 24
1659182123779 24.340418815612793 25
1659182128491 24.41192626953125 26
1659182133313 24.445478439331055 27
1659182138050 24.40888786315918 28
1659182142965 24.392370223999023 29
1659182147755 24.55030345916748 30
1659182152464 24.541866302490234 31
1659182157217 24.64682674407959 32
1659182162055 24.476567268371582 33
1659182166851 24.49931240081787 34
1659182171651 24.54027271270752 35
1659182176582 24.4896297454834 36
1659182181458 24.622482299804688 37
1659182186360 24.651381492614746 38
