1659182008883 0.0001 0
1659182013357 1e-05 1
1659182017875 2e-05 2
1659182022534 3e-05 3
1659182027028 4e-05 4
1659182031521 5e-05 5
1659182036122 6e-05 6
1659182040670 7e-05 7
1659182044835 8e-05 8
1659182049395 9e-05 9
1659182053978 0.0001 10
1659182058643 0.0001 11
1659182063291 0.0001 12
1659182067925 0.0001 13
1659182072560 0.0001 14
1659182077152 0.0001 15
1659182081719 0.0001 16
1659182086393 0.0001 17
1659182091001 0.0001 18
1659182095692 0.0001 19
1659182100417 0.0001 20
1659182105117 0.0001 21
1659182109773 0.0001 22
1659182114477 0.0001 23
1659182119133 0.0001 24
1659182123779 0.0001 25
1659182128491 0.0001 26
1659182133313 0.0001 27
1659182138050 0.0001 28
1659182142965 0.0001 29
1659182147755 0.0001 30
1659182152464 0.0001 31
1659182157217 0.0001 32
1659182162055 0.0001 33
1659182166851 0.0001 34
1659182171651 0.0001 35
1659182176582 0.0001 36
1659182181458 0.0001 37
1659182186360 0.0001 38
