1659182008883 2.8941256999969482 0
1659182013357 2.8587024211883545 1
1659182017875 2.4850574731826782 2
1659182022534 2.5761611461639404 3
1659182027028 2.3820897340774536 4
1659182031521 2.028718054294586 5
1659182036122 1.9995288848876953 6
1659182040670 1.8724852800369263 7
1659182044835 1.7159699201583862 8
1659182049395 1.6206107139587402 9
1659182053978 1.4625458121299744 10
1659182058643 1.1405093669891357 11
1659182063291 1.0367003679275513 12
1659182067925 0.9904492497444153 13
1659182072560 0.835515171289444 14
1659182077152 0.621984213590622 15
1659182081719 0.6762599647045135 16
1659182086393 0.6133517324924469 17
1659182091001 0.5267391502857208 18
1659182095692 0.4485371708869934 19
1659182100417 0.3734923005104065 20
1659182105117 0.3402625173330307 21
1659182109773 0.3809288442134857 22
1659182114477 0.25769898295402527 23
1659182119133 0.28017812967300415 24
1659182123779 0.2318408489227295 25
1659182128491 0.13439324125647545 26
1659182133313 0.15878742560744286 27
1659182138050 0.19453713670372963 28
1659182142965 0.0695672333240509 29
1659182147755 0.11105401441454887 30
1659182152464 0.08256851136684418 31
1659182157217 0.08911320939660072 32
1659182162055 0.13082831725478172 33
1659182166851 0.06330633908510208 34
1659182171651 0.10294416174292564 35
1659182176582 0.1281021423637867 36
1659182181458 0.11785806715488434 37
1659182186360 0.09105096012353897 38
