1659182008883 1.237485945224762 0
1659182013357 1.0082581639289856 1
1659182017875 0.8939689993858337 2
1659182022534 0.793976217508316 3
1659182027028 0.6885837018489838 4
1659182031521 0.5953386425971985 5
1659182036122 0.5304409265518188 6
1659182040670 0.4733007699251175 7
1659182044835 0.4240603744983673 8
1659182049395 0.3794420063495636 9
1659182053978 0.3428717404603958 10
1659182058643 0.31021352112293243 11
1659182063291 0.27867598831653595 12
1659182067925 0.25188008695840836 13
1659182072560 0.22763580083847046 14
1659182077152 0.20724264532327652 15
1659182081719 0.1877584084868431 16
1659182086393 0.16981394588947296 17
1659182091001 0.15509185940027237 18
1659182095692 0.14168287813663483 19
1659182100417 0.13012520223855972 20
1659182105117 0.11833170056343079 21
1659182109773 0.10866366699337959 22
1659182114477 0.10077881813049316 23
1659182119133 0.09392599016427994 24
1659182123779 0.08580802381038666 25
1659182128491 0.07978209480643272 26
1659182133313 0.07479720562696457 27
1659182138050 0.06851067766547203 28
1659182142965 0.06379056721925735 29
1659182147755 0.060060251504182816 30
1659182152464 0.05656689032912254 31
1659182157217 0.05445411428809166 32
1659182162055 0.050582295283675194 33
1659182166851 0.04791596904397011 34
1659182171651 0.04561815969645977 35
1659182176582 0.04429449141025543 36
1659182181458 0.04233018308877945 37
1659182186360 0.040931571274995804 38
