1659182008883 3.4968101978302 0
1659182013357 3.493582010269165 1
1659182017875 3.474041223526001 2
1659182022534 3.4371724128723145 3
1659182027028 3.408276319503784 4
1659182031521 3.3595598936080933 5
1659182036122 3.2920422554016113 6
1659182040670 3.2156713008880615 7
1659182044835 3.1168630123138428 8
1659182049395 3.000758171081543 9
1659182053978 2.862013101577759 10
1659182058643 2.7127420902252197 11
1659182063291 2.5857114791870117 12
1659182067925 2.4363714456558228 13
1659182072560 2.302470564842224 14
1659182077152 2.1437764167785645 15
1659182081719 2.0257914066314697 16
1659182086393 1.9037917852401733 17
1659182091001 1.7958210706710815 18
1659182095692 1.6821882724761963 19
1659182100417 1.5614134073257446 20
1659182105117 1.4582356810569763 21
1659182109773 1.3780741095542908 22
1659182114477 1.301265835762024 23
1659182119133 1.1980868577957153 24
1659182123779 1.144627571105957 25
1659182128491 1.0939876437187195 26
1659182133313 1.0565794706344604 27
1659182138050 1.002152919769287 28
1659182142965 0.9540309607982635 29
1659182147755 0.9074531495571136 30
1659182152464 0.8758170902729034 31
1659182157217 0.8772227764129639 32
1659182162055 0.8632295727729797 33
1659182166851 0.8411320447921753 34
1659182171651 0.822478324174881 35
1659182176582 0.8187145292758942 36
1659182181458 0.8032132685184479 37
1659182186360 0.802678644657135 38
