1659237395649 2.5438449669928445 0
1659237528236 0.9821393446330606 1
1659237661699 0.5962222897831131 2
1659237793622 0.5729428328135434 3
1659237930157 0.5638940887485476 4
1659238064570 0.5537958453885086 5
1659238199824 0.5430441382138625 6
1659238333593 0.5337573726108109 7
1659238469703 0.5247309310830754 8
1659238602383 0.5194140134034333 9
1659238733132 0.5132319529851278 10
1659238867678 0.5086449830636491 11
1659239000369 0.5035228402945247 12
1659239136590 0.4988259327926224 13
1659239271950 0.4929668189381524 14
1659239406458 0.4842937633716803 15
1659239542791 0.468174759676491 16
1659239676316 0.4418753126393194 17
1659239812905 0.39343413882118333 18
1659239947509 0.3471600788011067 19
1659240081075 0.29728245626400857 20
1659240215874 0.2600579423843509 21
