1659237395649 12.636362075805664 0
1659237528236 8.455037117004395 1
1659237661699 6.8687262535095215 2
1659237793622 6.0315351486206055 3
1659237930157 5.276402473449707 4
1659238064570 4.6133222579956055 5
1659238199824 4.050389766693115 6
1659238333593 3.6149606704711914 7
1659238469703 3.274480104446411 8
1659238602383 3.0336368083953857 9
1659238733132 2.854229688644409 10
1659238867678 2.7086002826690674 11
1659239000369 2.600029468536377 12
1659239136590 2.5170769691467285 13
1659239271950 2.4553942680358887 14
1659239406458 2.393956184387207 15
1659239542791 2.3390328884124756 16
1659239676316 2.2963247299194336 17
1659239812905 2.23297119140625 18
1659239947509 2.1772358417510986 19
1659240081075 2.0996243953704834 20
1659240215874 2.035515308380127 21
