1659237395649 8.26633760702871 0
1659237528236 2.029420315349189 1
1659237661699 0.40863805461455793 2
1659237793622 0.3306293465635356 3
1659237930157 0.3390354098175927 4
1659238064570 0.35546686666474925 5
1659238199824 0.3669937650362651 6
1659238333593 0.36966282107691834 7
1659238469703 0.36821247991040457 8
1659238602383 0.3671200844976637 9
1659238733132 0.3618394136428833 10
1659238867678 0.3589952668569384 11
1659239000369 0.36137714568715895 12
1659239136590 0.36756507784342596 13
1659239271950 0.3801809270604909 14
1659239406458 0.405919842154002 15
1659239542791 0.46288026005461597 16
1659239676316 0.5697881935731225 17
1659239812905 0.7684703876646303 18
1659239947509 0.955231736967529 19
1659240081075 1.1619321725664347 20
1659240215874 1.328388464276808 21
