1659237395649 10.28951807091706 0
1659237528236 2.5099423083945784 1
1659237661699 0.5048593181897613 2
1659237793622 0.4035721813492915 3
1659237930157 0.40292949942376116 4
1659238064570 0.40926271398290454 5
1659238199824 0.4100379077852636 6
1659238333593 0.40342019303985266 7
1659238469703 0.3929434105646696 8
1659238602383 0.3865341016539821 9
1659238733132 0.37507137016013814 10
1659238867678 0.36764024687509467 11
1659239000369 0.3648999864167541 12
1659239136590 0.3663910072055652 13
1659239271950 0.37311526918582777 14
1659239406458 0.3899781691084663 15
1659239542791 0.4303294152453326 16
1659239676316 0.5098977065172748 17
1659239812905 0.6535666507782696 18
1659239947509 0.7793608381264452 19
1659240081075 0.9132482435581458 20
1659240215874 1.0132958114582256 21
