1659237395649 20.98040202064236 0
1659237528236 10.778838958183345 1
1659237661699 7.226146533208735 2
1659237793622 6.975800149581012 3
1659237930157 6.944628825290597 4
1659238064570 6.966720447265844 5
1659238199824 6.982222923334094 6
1659238333593 7.004977129507756 7
1659238469703 6.987249573357671 8
1659238602383 6.972185237319382 9
1659238733132 6.889412869347466 10
1659238867678 6.8689869407319675 11
1659239000369 6.8010668824188905 12
1659239136590 6.755282055559776 13
1659239271950 6.691571513525874 14
1659239406458 6.656793913395285 15
1659239542791 6.670204746550408 16
1659239676316 6.768008308134217 17
1659239812905 6.983330170885265 18
1659239947509 7.225830769193346 19
1659240081075 7.4033786850254035 20
1659240215874 7.590109372661061 21
