1659237395649 0.0001 0
1659237528236 1e-05 1
1659237661699 2e-05 2
1659237793622 3e-05 3
1659237930157 4e-05 4
1659238064570 5e-05 5
1659238199824 6e-05 6
1659238333593 7e-05 7
1659238469703 8e-05 8
1659238602383 9e-05 9
1659238733132 0.0001 10
1659238867678 0.0001 11
1659239000369 0.0001 12
1659239136590 0.0001 13
1659239271950 0.0001 14
1659239406458 0.0001 15
1659239542791 0.0001 16
1659239676316 0.0001 17
1659239812905 0.0001 18
1659239947509 0.0001 19
1659240081075 0.0001 20
1659240215874 0.0001 21
