1659237395649 0.8776379817158636 0
1659237528236 0.3507653442177459 1
1659237661699 0.18846200590076692 2
1659237793622 0.12155568779117483 3
1659237930157 0.08524819886439192 4
1659238064570 0.06532635748145177 5
1659238199824 0.052783344015420036 6
1659238333593 0.0436016606197328 7
1659238469703 0.03650029196396383 8
1659238602383 0.03212253165951956 9
1659238733132 0.02777035414689669 10
1659238867678 0.02390481674749265 11
1659239000369 0.021053559017925518 12
1659239136590 0.01841014141905525 13
1659239271950 0.016445106223812695 14
1659239406458 0.014786035108529516 15
1659239542791 0.013471359009428483 16
1659239676316 0.012306362326194505 17
1659239812905 0.011351627118888867 18
1659239947509 0.010699892517405333 19
1659240081075 0.010147073267479802 20
1659240215874 0.009545048983872997 21
