1659237395649 3.0046678372543223 0
1659237528236 1.1465501650406495 1
1659237661699 0.6530332994811675 2
1659237793622 0.6313953623175621 3
1659237930157 0.626513890654063 4
1659238064570 0.6169728580996287 5
1659238199824 0.6051538396572721 6
1659238333593 0.5921638603659644 7
1659238469703 0.5799669889237383 8
1659238602383 0.5715482658810086 9
1659238733132 0.5626997925617077 10
1659238867678 0.5561632170294323 11
1659239000369 0.5503692822734805 12
1659239136590 0.5457092167662202 13
1659239271950 0.541784810505325 14
1659239406458 0.5376686741122239 15
1659239542791 0.5336344816546509 16
1659239676316 0.5329872862152432 17
1659239812905 0.5306412423257347 18
1659239947509 0.5245018391937449 19
1659240081075 0.5113150520916403 20
1659240215874 0.49604841414159234 21
