1659237395649 6.210211113421586 0
1659237528236 5.975582112361045 1
1659237661699 5.431008784209981 2
1659237793622 4.705641045289881 3
1659237930157 4.000746342775633 4
1659238064570 3.3772272103124386 5
1659238199824 2.8494085626325747 6
1659238333593 2.4454376032387 7
1659238469703 2.133281777230956 8
1659238602383 1.910552183787028 9
1659238733132 1.7505275814621537 10
1659238867678 1.6198871857928534 11
1659239000369 1.5250837707171474 12
1659239136590 1.454131610959554 13
1659239271950 1.4041973858428516 14
1659239406458 1.3572073591698846 15
1659239542791 1.3237521130105723 16
1659239676316 1.3091556092967158 17
1659239812905 1.29754411230842 18
1659239947509 1.294873917448348 19
1659240081075 1.2808800796522712 20
1659240215874 1.2698638482685507 21
