1659187797411 2.346790099143982 0
1659187804321 1.9563091052205939 1
1659187810323 1.6318490567960238 2
1659187817471 1.310049444437027 3
1659187825535 0.8823851376771927 4
1659187832351 0.6409544238918706 5
1659187838365 0.3679757933867605 6
1659187846631 0.18632599338889122 7
1659187853720 0.1212830988690257 8
1659187860717 0.07324925782158971 9
1659187867632 0.05818934758242808 10
1659187873707 0.037445019538465296 11
1659187881361 0.02745149196370652 12
1659187887414 0.025156413548086818 13
1659187895369 0.020529488287866115 14
1659187902020 0.02024017408904102 15
1659187907835 0.011942666955292225 16
1659187915833 0.006613201089203357 17
1659187922676 0.010004410814297827 18
1659187929635 0.007195236259385159 19
1659187936577 0.006135758404669009 20
1659187943559 0.005660713111099444 21
1659187949750 0.0061116633250525125 22
1659187957869 0.004848631285130978 23
1659187964998 0.0050317998975515366 24
1659187972207 0.004130239132791758 25
1659187979045 0.003495470179538978 26
1659187985158 0.003917348031934939 27
1659187992920 0.0027120114353142285 28
1659187999570 0.005381236680679851 29
1659188005414 0.003564251690275139 30
1659188013222 0.0033403948733681126 31
1659188020188 0.0036944299936294556 32
1659188026261 0.0028093854259503516 33
1659188033532 0.001890562940388918 34
1659188041373 0.0013963476215538226 35
1659188047472 0.004039894985525231 36
1659188055323 0.0029376104081931865 37
1659188061512 0.0012327143432278383 38
1659188069392 0.0016444616607929532 39
1659188076562 0.0019806708748403346 40
1659188082636 0.0028802715241909027 41
1659188090787 0.0012399571016430855 42
1659188097213 0.002053286228328943 43
1659188105021 0.001231358729695019 44
1659188111210 0.0021004451340750642 45
1659188118821 0.00038416549149486754 46
1659188124837 0.0025994336853424707 47
1659188132857 0.0008658644204076968 48
1659188139299 0.001088994996328103 49
1659188147235 0.0035194079146573416 50
1659188153732 0.0017458051443099976 51
1659188161715 0.0015191289743310527 52
1659188168113 0.0007594922851575049 53
1659188176435 0.0007007194584921786 54
1659188183618 0.0008798486700183467 55
1659188190557 0.0013465510888232125 56
1659188196598 0.0030603307402796215 57
1659188204180 0.0006695946471558677 58
1659188210316 0.0011029363506370122 59
1659188217696 0.001648809956876855 60
1659188225672 0.0006074096615377225 61
1659188232052 0.00200876711230529 62
1659188240094 0.0014646903268600766 63
1659188247488 0.0018841912479777086 64
1659188254688 0.0014384384784433576 65
1659188261012 0.0011429228923386997 66
1659188268443 0.0013492626138031482 67
1659188276954 0.0016138611272687004 68
1659188284183 0.0009074145437855469 69
1659188290478 0.001958684407566723 70
1659188298838 0.0005082232877612114 71
1659188305934 0.0010153289492193021 72
1659188313044 0.0010019283937780482 73
1659188319349 0.0002776656888033214 74
1659188327292 0.0009034666183747744 75
1659188333800 0.0028583346620986334 76
1659188342225 0.0019020886160433293 77
1659188349358 0.002311676054408676 78
1659188531555 0.0012270028849965648 79
1659188539714 0.002128565963357687 80
1659188546924 0.0010467267595231533 81
1659188553358 0.0013498215936124324 82
1659188561235 0.0007645297599466224 83
1659188568224 0.001509294502044979 84
1659188574878 0.0009795194491744041 85
1659188580685 0.0005093452831109365 86
1659188588676 0.0008755982853472233 87
1659188595010 0.0009182136505842209 88
1659188602781 0.0009990482542075608 89
1659188608908 0.0007546167624624152 90
1659188616413 0.0015141844956411256 91
1659188623028 0.0014595515612098905 92
1659188629024 0.0015081677378879653 93
1659188636870 0.001693497068787876 94
1659188643859 0.0008873894418540754 95
1659188650769 0.0006328539824799487 96
1659188657117 0.0021558290249422975 97
1659188664959 0.0006578460727867327 98
1659188671079 0.000895799186668898 99
1659188678870 0.0020248089966021085 100
1659188685022 0.0006509851664304733 101
1659188692545 0.0006836979753441281 102
1659188698422 0.0017587945072187318 103
1659188706221 0.0013613025412747735 104
1659188712308 0.0004972752771879497 105
1659188720365 0.001144060306251049 106
1659188727276 0.0016816856437607815 107
1659188733378 0.0010001646648896368 108
1659188741436 0.00017312532290816307 109
1659188748125 0.0006726192724373606 110
1659188754026 0.0004434796671072642 111
1659188761809 0.0011545979466877486 112
1659188768441 0.0032416807694567572 113
1659188774361 0.00039725574768251844 114
1659188781395 0.0012573213561585075 115
1659188789182 0.0009398742725974635 116
1659188796062 0.0005188612757544769 117
1659188802985 0.00036459171066158697 118
1659188970579 0.0010244854186710558 119
