1659187797411 10.39428768157959 0
1659187804321 10.203200139497456 1
1659187810323 10.059124043113307 2
1659187817471 10.017990207672119 3
1659187825535 9.867673254013061 4
1659187832351 9.6146677418759 5
1659187838365 9.215893996389289 6
1659187846631 9.20016588483538 7
1659187853720 9.385541343688965 8
1659187860717 9.448199272155762 9
1659187867632 9.267573808368883 10
1659187873707 9.367671565005654 11
1659187881361 9.334856234098735 12
1659187887414 9.105330417030736 13
1659187895369 9.347691583633424 14
1659187902020 9.344599511888292 15
1659187907835 9.314277384016249 16
1659187915833 9.29300136566162 17
1659187922676 9.420948480304919 18
1659187929635 9.39206560034501 19
1659187936577 9.499909802487021 20
1659187943559 9.372601910641318 21
1659187949750 9.36308795527408 22
1659187957869 9.403616142272949 23
1659187964998 9.329395294189453 24
1659187972207 9.46679720878601 25
1659187979045 9.268598004391318 26
1659187985158 9.241331502010947 27
1659187992920 9.277743640698885 28
1659187999570 9.22517728805542 29
1659188005414 9.341268221537272 30
1659188013222 9.261415782727694 31
1659188020188 9.102853975797954 32
1659188026261 9.100655204371401 33
1659188033532 9.150658559799194 34
1659188041373 9.087734674152575 35
1659188047472 9.000650104723478 36
1659188055323 8.9037201530055 37
1659188061512 9.081521837334884 38
1659188069392 8.864284465187474 39
1659188076562 8.878278933073345 40
1659188082636 8.88613520170513 41
1659188090787 8.915801572799683 42
1659188097213 8.893757581710815 43
1659188105021 8.842344685604697 44
1659188111210 8.898913885417738 45
1659188118821 8.899981922573513 46
1659188124837 8.887489954630533 47
1659188132857 8.875062390377646 48
1659188139299 8.93497311441522 49
1659188147235 8.864691834700736 50
1659188153732 8.808779465524774 51
1659188161715 8.826124090897409 52
1659188168113 8.83040051711233 53
1659188176435 8.80694876219097 54
1659188183618 8.81013388382761 55
1659188190557 8.814203686184353 56
1659188196598 8.695852915445963 57
1659188204180 8.82926681306627 58
1659188210316 8.706782076093885 59
1659188217696 8.701423494439377 60
1659188225672 8.72304976613898 61
1659188232052 8.673985380875436 62
1659188240094 8.67524232362446 63
1659188247488 8.694533398276882 64
1659188254688 8.684870666927761 65
1659188261012 8.717690626780191 66
1659188268443 8.61204514503479 67
1659188276954 8.698969841003418 68
1659188284183 8.604660034179688 69
1659188290478 8.674501870807848 70
1659188298838 8.65367341041565 71
1659188305934 8.599282164322702 72
1659188313044 8.65132959265458 73
1659188319349 8.645117408350893 74
1659188327292 8.5893823724044 75
1659188333800 8.589644231294331 76
1659188342225 8.587081241607667 77
1659188349358 8.656777934024209 78
1659188531555 8.588332075821725 79
1659188539714 8.593467473983765 80
1659188546924 8.67038369178772 81
1659188553358 8.615349912643433 82
1659188561235 8.557815752531353 83
1659188568224 8.594121531436318 84
1659188574878 8.511599169837105 85
1659188580685 8.561174949010214 86
1659188588676 8.552288103103638 87
1659188595010 8.665704822540283 88
1659188602781 8.543454923127827 89
1659188608908 8.605701195566278 90
1659188616413 8.61209503809611 91
1659188623028 8.588842656877306 92
1659188629024 8.659348063998753 93
1659188636870 8.56439851459704 94
1659188643859 8.585870542024312 95
1659188650769 8.601401128266987 96
1659188657117 8.51928690860146 97
1659188664959 8.562901296113667 98
1659188671079 8.573919296264648 99
1659188678870 8.593027315641704 100
1659188685022 8.621826473035311 101
1659188692545 8.561118337843153 102
1659188698422 8.57387473848131 103
1659188706221 8.543035406815378 104
1659188712308 8.560162092510023 105
1659188720365 8.551858520507812 106
1659188727276 8.565837558947111 107
1659188733378 8.59055965825131 108
1659188741436 8.581384181976318 109
1659188748125 8.555692460801867 110
1659188754026 8.459010971917046 111
1659188761809 8.469775400663677 112
1659188768441 8.47721947564019 113
1659188774361 8.490990903642443 114
1659188781395 8.515795757896022 115
1659188789182 8.497652706347013 116
1659188796062 8.551957080238743 117
1659188802985 8.50658466941432 118
1659188970579 8.545661775689377 119
