1659187797411 10.780444145202637 0
1659187804321 9.101463317871094 1
1659187810323 7.9199652671813965 2
1659187817471 6.832043647766113 3
1659187825535 5.463260173797607 4
1659187832351 4.429684638977051 5
1659187838365 3.2931630611419678 6
1659187846631 2.326303005218506 7
1659187853720 1.8723232746124268 8
1659187860717 1.5397300720214844 9
1659187867632 1.384223222732544 10
1659187873707 1.2481896877288818 11
1659187881361 1.1524840593338013 12
1659187887414 1.1130951642990112 13
1659187895369 1.0542535781860352 14
1659187902020 1.0485526323318481 15
1659187907835 0.9844590425491333 16
1659187915833 0.9411008954048157 17
1659187922676 0.9599226117134094 18
1659187929635 0.9372802376747131 19
1659187936577 0.9193476438522339 20
1659187943559 0.9133852124214172 21
1659187949750 0.9076982140541077 22
1659187957869 0.8864653706550598 23
1659187964998 0.8946897387504578 24
1659187972207 0.8659607172012329 25
1659187979045 0.8741931915283203 26
1659187985158 0.8629106283187866 27
1659187992920 0.8576947450637817 28
1659187999570 0.8802487254142761 29
1659188005414 0.8556593060493469 30
1659188013222 0.8481794595718384 31
1659188020188 0.8492148518562317 32
1659188026261 0.8425844311714172 33
1659188033532 0.8309953808784485 34
1659188041373 0.8285400867462158 35
1659188047472 0.8457313179969788 36
1659188055323 0.8396075963973999 37
1659188061512 0.8265270590782166 38
1659188069392 0.828528642654419 39
1659188076562 0.81877601146698 40
1659188082636 0.8259468674659729 41
1659188090787 0.8177946209907532 42
1659188097213 0.8170424699783325 43
1659188105021 0.8111262321472168 44
1659188111210 0.8197529315948486 45
1659188118821 0.805516242980957 46
1659188124837 0.8167659640312195 47
1659188132857 0.8101569414138794 48
1659188139299 0.8027623891830444 49
1659188147235 0.8214215040206909 50
1659188153732 0.8102468252182007 51
1659188161715 0.8053025603294373 52
1659188168113 0.8047720789909363 53
1659188176435 0.8064165115356445 54
1659188183618 0.810775637626648 55
1659188190557 0.8117130398750305 56
1659188196598 0.8262794613838196 57
1659188204180 0.8001344799995422 58
1659188210316 0.8070377707481384 59
1659188217696 0.8082733750343323 60
1659188225672 0.8011041879653931 61
1659188232052 0.8137093186378479 62
1659188240094 0.8007643818855286 63
1659188247488 0.8070054650306702 64
1659188254688 0.8071216940879822 65
1659188261012 0.8002914786338806 66
1659188268443 0.8044822812080383 67
1659188276954 0.8090253472328186 68
1659188284183 0.8026167750358582 69
1659188290478 0.8018136620521545 70
1659188298838 0.7948019504547119 71
1659188305934 0.7999761700630188 72
1659188313044 0.7986096143722534 73
1659188319349 0.7939614653587341 74
1659188327292 0.7986887693405151 75
1659188333800 0.8155643939971924 76
1659188342225 0.8126212358474731 77
1659188349358 0.808650553226471 78
1659188531555 0.8023697137832642 79
1659188539714 0.8069904446601868 80
1659188546924 0.7992464900016785 81
1659188553358 0.8041421175003052 82
1659188561235 0.8037874102592468 83
1659188568224 0.8041864633560181 84
1659188574878 0.8010045289993286 85
1659188580685 0.8027985692024231 86
1659188588676 0.8002260327339172 87
1659188595010 0.7980313897132874 88
1659188602781 0.8002117872238159 89
1659188608908 0.7951618432998657 90
1659188616413 0.8000531792640686 91
1659188623028 0.7996348142623901 92
1659188629024 0.7969379425048828 93
1659188636870 0.8059903383255005 94
1659188643859 0.8016382455825806 95
1659188650769 0.7952428460121155 96
1659188657117 0.8108734488487244 97
1659188664959 0.7937142252922058 98
1659188671079 0.7952434420585632 99
1659188678870 0.8015726208686829 100
1659188685022 0.7939707636833191 101
1659188692545 0.7976266741752625 102
1659188698422 0.8059024810791016 103
1659188706221 0.800116777420044 104
1659188712308 0.792656660079956 105
1659188720365 0.79716557264328 106
1659188727276 0.8049671053886414 107
1659188733378 0.7948048114776611 108
1659188741436 0.7893714308738708 109
1659188748125 0.7958400845527649 110
1659188754026 0.794590175151825 111
1659188761809 0.8033398389816284 112
1659188768441 0.8097270131111145 113
1659188774361 0.7980984449386597 114
1659188781395 0.7987524271011353 115
1659188789182 0.7966117858886719 116
1659188796062 0.7928165793418884 117
1659188802985 0.7934714555740356 118
1659188970579 0.7977582812309265 119
