1659187797411 12.107952737808228 0
1659187804321 11.490112053720575 1
1659187810323 10.92633372858951 2
1659187817471 10.407703542709351 3
1659187825535 9.522509956359864 4
1659187832351 8.626114895469264 5
1659187838365 7.636535217887477 6
1659187846631 6.953874588012695 7
1659187853720 6.739534139633179 8
1659187860717 6.473852419853211 9
1659187867632 6.23462072171663 10
1659187873707 6.107645235563579 11
1659187881361 5.995901333658319 12
1659187887414 5.76629638671875 13
1659187895369 5.777685260772705 14
1659187902020 5.746898253758748 15
1659187907835 5.5910866260528564 16
1659187915833 5.538149452209472 17
1659187922676 5.56452286870856 18
1659187929635 5.5540368431492855 19
1659187936577 5.501887346568861 20
1659187943559 5.418216906095806 21
1659187949750 5.349309770684493 22
1659187957869 5.342720866203308 23
1659187964998 5.3209796905517575 24
1659187972207 5.230651307106018 25
1659187979045 5.153430763043855 26
1659187985158 5.085873152080335 27
1659187992920 5.1391521504050806 28
1659187999570 5.073734415902032 29
1659188005414 5.02825042936537 30
1659188013222 5.029707381599827 31
1659188020188 4.904213503787392 32
1659188026261 4.913620572341116 33
1659188033532 4.84879424571991 34
1659188041373 4.8201420683609815 35
1659188047472 4.777310170625386 36
1659188055323 4.765748124373586 37
1659188061512 4.731424105794806 38
1659188069392 4.655840622751336 39
1659188076562 4.645558231755307 40
1659188082636 4.658221445585552 41
1659188090787 4.635363316535949 42
1659188097213 4.61702082157135 43
1659188105021 4.6039837787025855 44
1659188111210 4.6409844850239 45
1659188118821 4.607200357649061 46
1659188124837 4.5809778107537165 47
1659188132857 4.547793037013004 48
1659188139299 4.560673312137001 49
1659188147235 4.546569999895598 50
1659188153732 4.539964349646318 51
1659188161715 4.533225762216668 52
1659188168113 4.548681861475894 53
1659188176435 4.545934827704179 54
1659188183618 4.539008441724275 55
1659188190557 4.479632642534044 56
1659188196598 4.516849438349406 57
1659188204180 4.469452089733547 58
1659188210316 4.460880782869127 59
1659188217696 4.473738318995426 60
1659188225672 4.46274441166928 61
1659188232052 4.436079150752017 62
1659188240094 4.409585350438168 63
1659188247488 4.41827066321122 64
1659188254688 4.434168126848009 65
1659188261012 4.38524063428243 66
1659188268443 4.391445136070251 67
1659188276954 4.415998504275367 68
1659188284183 4.345791816711426 69
1659188290478 4.359189435055382 70
1659188298838 4.358331966400146 71
1659188305934 4.372269530045359 72
1659188313044 4.375786304473877 73
1659188319349 4.347257187491969 74
1659188327292 4.369360898670397 75
1659188333800 4.3950520816602205 76
1659188342225 4.3849313974380495 77
1659188349358 4.340143831152665 78
1659188531555 4.375416579999421 79
1659188539714 4.378017497062683 80
1659188546924 4.357547926902771 81
1659188553358 4.365330171585083 82
1659188561235 4.346902219872725 83
1659188568224 4.343923292661968 84
1659188574878 4.327486462063259 85
1659188580685 4.384165816836887 86
1659188588676 4.36100664138794 87
1659188595010 4.347021746635437 88
1659188602781 4.354283834758558 89
1659188608908 4.34615064922132 90
1659188616413 4.317055993609959 91
1659188623028 4.324621544943915 92
1659188629024 4.357270373238458 93
1659188636870 4.386071154945775 94
1659188643859 4.337601385618511 95
1659188650769 4.339054032375938 96
1659188657117 4.31247121409366 97
1659188664959 4.325932301973042 98
1659188671079 4.3080669453269556 99
1659188678870 4.352501593138042 100
1659188685022 4.327112549229672 101
1659188692545 4.296878470314874 102
1659188698422 4.326428333918254 103
1659188706221 4.299685528403835 104
1659188712308 4.325650993146394 105
1659188720365 4.329950881004334 106
1659188727276 4.319836365549188 107
1659188733378 4.283857195000899 108
1659188741436 4.291610646247864 109
1659188748125 4.3123336103227405 110
1659188754026 4.285171111424764 111
1659188761809 4.327129364013672 112
1659188768441 4.297457562552558 113
1659188774361 4.327460580401951 114
1659188781395 4.270594772539641 115
1659188789182 4.310805170159591 116
1659188796062 4.271323931844611 117
1659188802985 4.310316888909591 118
1659188970579 4.2837949301067155 119
