1659187797411 22.553530311584474 0
1659187804321 22.494327143618936 1
1659187810323 22.42627665871068 2
1659187817471 22.339673042297363 3
1659187825535 21.904464626312254 4
1659187832351 21.211078543412057 5
1659187838365 20.27431739004035 6
1659187846631 19.860329310099285 7
1659187853720 19.711926078796388 8
1659187860717 19.41237211227417 9
1659187867632 18.98967150637978 10
1659187873707 18.904016795911286 11
1659187881361 18.805082521940534 12
1659187887414 18.456388975444593 13
1659187895369 18.632268714904786 14
1659187902020 18.640997674730087 15
1659187907835 18.43117947048611 16
1659187915833 18.34344348907471 17
1659187922676 18.44213214673494 18
1659187929635 18.4017074986508 19
1659187936577 18.381946162173623 20
1659187943559 18.17551040649414 21
1659187949750 18.092178746273643 22
1659187957869 18.141049289703368 23
1659187964998 18.04877586364746 24
1659187972207 18.00951271057129 25
1659187979045 17.81758097598427 26
1659187985158 17.714302665308903 27
1659187992920 17.83079679388749 28
1659187999570 17.70153543684218 29
1659188005414 17.801286909315323 30
1659188013222 17.727112519113643 31
1659188020188 17.465220601935137 32
1659188026261 17.412532806396484 33
1659188033532 17.40728874206543 34
1659188041373 17.341697492097552 35
1659188047472 17.20562703985917 36
1659188055323 17.20579890200966 37
1659188061512 17.21923195688348 38
1659188069392 16.99767183002673 39
1659188076562 16.98156045612536 40
1659188082636 17.001171212447318 41
1659188090787 16.992545509338377 42
1659188097213 16.948863410949706 43
1659188105021 16.941111414056074 44
1659188111210 16.96147205955104 45
1659188118821 16.928040398491753 46
1659188124837 16.92736551496718 47
1659188132857 16.8998024589137 48
1659188139299 16.91132294504266 49
1659188147235 16.89520795721757 50
1659188153732 16.809371546695107 51
1659188161715 16.802676652607165 52
1659188168113 16.81859588623047 53
1659188176435 16.789354525114362 54
1659188183618 16.785191586143092 55
1659188190557 16.758568869696724 56
1659188196598 16.67985290951199 57
1659188204180 16.7232149971856 58
1659188210316 16.670478926764595 59
1659188217696 16.640087127685547 60
1659188225672 16.649349714580335 61
1659188232052 16.608863429019326 62
1659188240094 16.583070654618112 63
1659188247488 16.560121034321032 64
1659188254688 16.575839042663574 65
1659188261012 16.55379475487603 66
1659188268443 16.516841983795167 67
1659188276954 16.560655139741442 68
1659188284183 16.463742105584394 69
1659188290478 16.507671757748252 70
1659188298838 16.47194480895996 71
1659188305934 16.486550180535566 72
1659188313044 16.499176627711247 73
1659188319349 16.50215580588893 74
1659188327292 16.43212770160876 75
1659188333800 16.47952531513415 76
1659188342225 16.432059288024902 77
1659188349358 16.51038932800293 78
1659188531555 16.460837314003392 79
1659188539714 16.42153396606445 80
1659188546924 16.488576030731203 81
1659188553358 16.439348793029787 82
1659188561235 16.40643762287341 83
1659188568224 16.440245176616468 84
1659188574878 16.38175286187066 85
1659188580685 16.43224875132243 86
1659188588676 16.393773746490478 87
1659188595010 16.468574428558348 88
1659188602781 16.40096614235326 89
1659188608908 16.414058785689505 90
1659188616413 16.438970883687336 91
1659188623028 16.403307067023384 92
1659188629024 16.436305787828232 93
1659188636870 16.407778890509356 94
1659188643859 16.37502098083496 95
1659188650769 16.407035626863177 96
1659188657117 16.349982914171722 97
1659188664959 16.375462582236842 98
1659188671079 16.395549473009613 99
1659188678870 16.413534766749333 100
1659188685022 16.395295394094365 101
1659188692545 16.361450301276314 102
1659188698422 16.415507316589355 103
1659188706221 16.32242122449373 104
1659188712308 16.355103542930202 105
1659188720365 16.36779899597168 106
1659188727276 16.376093111540143 107
1659188733378 16.355935046547337 108
1659188741436 16.339706707000733 109
1659188748125 16.32949776119656 110
1659188754026 16.281124856736923 111
1659188761809 16.313460601003545 112
1659188768441 16.293457137213814 113
1659188774361 16.32422373029921 114
1659188781395 16.310026871530635 115
1659188789182 16.274716126291377 116
1659188796062 16.308608205694902 117
1659188802985 16.301402744493988 118
1659188970579 16.310489855314557 119
