1659187797411 0.0001 0
1659187804321 1e-05 1
1659187810323 2e-05 2
1659187817471 3e-05 3
1659187825535 4e-05 4
1659187832351 5e-05 5
1659187838365 6e-05 6
1659187846631 7e-05 7
1659187853720 8e-05 8
1659187860717 9e-05 9
1659187867632 0.0001 10
1659187873707 0.0001 11
1659187881361 0.0001 12
1659187887414 0.0001 13
1659187895369 0.0001 14
1659187902020 0.0001 15
1659187907835 0.0001 16
1659187915833 0.0001 17
1659187922676 0.0001 18
1659187929635 0.0001 19
1659187936577 0.0001 20
1659187943559 0.0001 21
1659187949750 0.0001 22
1659187957869 0.0001 23
1659187964998 0.0001 24
1659187972207 0.0001 25
1659187979045 0.0001 26
1659187985158 0.0001 27
1659187992920 0.0001 28
1659187999570 0.0001 29
1659188005414 0.0001 30
1659188013222 0.0001 31
1659188020188 0.0001 32
1659188026261 0.0001 33
1659188033532 0.0001 34
1659188041373 0.0001 35
1659188047472 0.0001 36
1659188055323 0.0001 37
1659188061512 0.0001 38
1659188069392 0.0001 39
1659188076562 1e-05 40
1659188082636 1e-05 41
1659188090787 1e-05 42
1659188097213 1e-05 43
1659188105021 1e-05 44
1659188111210 1e-05 45
1659188118821 1e-05 46
1659188124837 1e-05 47
1659188132857 1e-05 48
1659188139299 1e-05 49
1659188147235 1e-05 50
1659188153732 1e-05 51
1659188161715 1e-05 52
1659188168113 1e-05 53
1659188176435 1e-05 54
1659188183618 1e-05 55
1659188190557 1e-05 56
1659188196598 1e-05 57
1659188204180 1e-05 58
1659188210316 1e-05 59
1659188217696 1e-05 60
1659188225672 1e-05 61
1659188232052 1e-05 62
1659188240094 1e-05 63
1659188247488 1e-05 64
1659188254688 1e-05 65
1659188261012 1e-05 66
1659188268443 1e-05 67
1659188276954 1e-05 68
1659188284183 1e-05 69
1659188290478 1.0000000000000002e-06 70
1659188298838 1.0000000000000002e-06 71
1659188305934 1.0000000000000002e-06 72
1659188313044 1.0000000000000002e-06 73
1659188319349 1.0000000000000002e-06 74
1659188327292 1.0000000000000002e-06 75
1659188333800 1.0000000000000002e-06 76
1659188342225 1.0000000000000002e-06 77
1659188349358 1.0000000000000002e-06 78
1659188531555 1.0000000000000002e-06 79
1659188539714 1.0000000000000002e-06 80
1659188546924 1.0000000000000002e-06 81
1659188553358 1.0000000000000002e-06 82
1659188561235 1.0000000000000002e-06 83
1659188568224 1.0000000000000002e-06 84
1659188574878 1.0000000000000002e-06 85
1659188580685 1.0000000000000002e-06 86
1659188588676 1.0000000000000002e-06 87
1659188595010 1.0000000000000002e-06 88
1659188602781 1.0000000000000002e-06 89
1659188608908 1.0000000000000002e-06 90
1659188616413 1.0000000000000002e-06 91
1659188623028 1.0000000000000002e-06 92
1659188629024 1.0000000000000002e-06 93
1659188636870 1.0000000000000002e-06 94
1659188643859 1.0000000000000002e-06 95
1659188650769 1.0000000000000002e-06 96
1659188657117 1.0000000000000002e-06 97
1659188664959 1.0000000000000002e-06 98
1659188671079 1.0000000000000002e-06 99
1659188678870 1.0000000000000002e-06 100
1659188685022 1.0000000000000002e-06 101
1659188692545 1.0000000000000002e-06 102
1659188698422 1.0000000000000002e-06 103
1659188706221 1.0000000000000002e-06 104
1659188712308 1.0000000000000002e-06 105
1659188720365 1.0000000000000002e-06 106
1659188727276 1.0000000000000002e-06 107
1659188733378 1.0000000000000002e-06 108
1659188741436 1.0000000000000002e-06 109
1659188748125 1.0000000000000002e-06 110
1659188754026 1.0000000000000002e-06 111
1659188761809 1.0000000000000002e-06 112
1659188768441 1.0000000000000002e-06 113
1659188774361 1.0000000000000002e-06 114
1659188781395 1.0000000000000002e-06 115
1659188789182 1.0000000000000002e-06 116
1659188796062 1.0000000000000002e-06 117
1659188802985 1.0000000000000002e-06 118
1659188970579 1.0000000000000002e-06 119
