1659187797411 0.9362071782350541 0
1659187804321 0.5024065532182392 1
1659187810323 0.2918296919057244 2
1659187817471 0.1788400873541832 3
1659187825535 0.11648022718727588 4
1659187832351 0.08184586445751943 5
1659187838365 0.058190761918300075 6
1659187846631 0.04228731191584042 7
1659187853720 0.03609872125089168 8
1659187860717 0.030446041747927664 9
1659187867632 0.0266252870818502 10
1659187873707 0.02398815123658431 11
1659187881361 0.021605818532407284 12
1659187887414 0.019042555144742915 13
1659187895369 0.018050138652324677 14
1659187902020 0.017591769910520978 15
1659187907835 0.016213664267626073 16
1659187915833 0.015099918050691486 17
1659187922676 0.01505198462032958 18
1659187929635 0.014523566847569063 19
1659187936577 0.01419780168094133 20
1659187943559 0.013461303897202015 21
1659187949750 0.013046283814075747 22
1659187957869 0.012783238897100091 23
1659187964998 0.012596900900825858 24
1659187972207 0.01208456656895578 25
1659187979045 0.011703141572836199 26
1659187985158 0.011418178824609831 27
1659187992920 0.011412954595136015 28
1659187999570 0.011248116795387533 29
1659188005414 0.011085741894526614 30
1659188013222 0.01088656524294301 31
1659188020188 0.010321065783500671 32
1659188026261 0.010284050661874445 33
1659188033532 0.010022726189345122 34
1659188041373 0.009968367993439498 35
1659188047472 0.009669425358113489 36
1659188055323 0.009696190784636297 37
1659188061512 0.009577306624698011 38
1659188069392 0.009236005085863565 39
1659188076562 0.009144754835257405 40
1659188082636 0.008986034136461584 41
1659188090787 0.008810545969754457 42
1659188097213 0.008699577348306776 43
1659188105021 0.008699325305458746 44
1659188111210 0.0087057069728249 45
1659188118821 0.008652906813141372 46
1659188124837 0.008506900268710323 47
1659188132857 0.008446003800552142 48
1659188139299 0.008399948673812966 49
1659188147235 0.008410455781574311 50
1659188153732 0.008352752211258599 51
1659188161715 0.008294223366599334 52
1659188168113 0.008418500251871975 53
1659188176435 0.008351733859040235 54
1659188183618 0.008267556047557216 55
1659188190557 0.008102745231654909 56
1659188196598 0.00823152787052095 57
1659188204180 0.00806292648323708 58
1659188210316 0.008069087544249164 59
1659188217696 0.008076955074150311 60
1659188225672 0.007953593066256297 61
1659188232052 0.0079792276956141 62
1659188240094 0.007821142330373588 63
1659188247488 0.00785965761659961 64
1659188254688 0.007897221767860983 65
1659188261012 0.007749623463799556 66
1659188268443 0.007789632375352085 67
1659188276954 0.007862978304425875 68
1659188284183 0.007633387674822619 69
1659188290478 0.00765328084755885 70
1659188298838 0.0076722419820725914 71
1659188305934 0.00767973553095209 72
1659188313044 0.0077047587225311685 73
1659188319349 0.007587481902814225 74
1659188327292 0.0076884148936522635 75
1659188333800 0.007731028955037657 76
1659188342225 0.007746095606125891 77
1659188349358 0.0075975808952199785 78
1659188531555 0.007689228134327813 79
1659188539714 0.007678595022298396 80
1659188546924 0.007615227322094143 81
1659188553358 0.007637909147888422 82
1659188561235 0.007593262009322643 83
1659188568224 0.007580420051358248 84
1659188574878 0.007500343697352542 85
1659188580685 0.007686511044287019 86
1659188588676 0.007609561854042113 87
1659188595010 0.007598929037339985 88
1659188602781 0.007599370505072568 89
1659188608908 0.007528441443451141 90
1659188616413 0.007528432360332873 91
1659188623028 0.00748949888576236 92
1659188629024 0.007593500945303176 93
1659188636870 0.007717688494410954 94
1659188643859 0.007541014812886715 95
1659188650769 0.00753040324994608 96
1659188657117 0.007462897117396719 97
1659188664959 0.007569986101435988 98
1659188671079 0.0074701268520010146 99
1659188678870 0.0075577467091773685 100
1659188685022 0.007512073792321117 101
1659188692545 0.007437982751677434 102
1659188698422 0.007573888326684634 103
1659188706221 0.007399374325024455 104
1659188712308 0.007531729771902687 105
1659188720365 0.007481629122048616 106
1659188727276 0.007505710898457389 107
1659188733378 0.007376423130105985 108
1659188741436 0.007332957373000682 109
1659188748125 0.007462865207344294 110
1659188754026 0.00739568414994412 111
1659188761809 0.00750041571690848 112
1659188768441 0.007386619199274315 113
1659188774361 0.007538731804945403 114
1659188781395 0.007385999258411558 115
1659188789182 0.007436165904724284 116
1659188796062 0.007287858642245594 117
1659188802985 0.0074277354257279325 118
1659188970579 0.0073597107180639314 119
