1659187797411 3.3415685892105103 0
1659187804321 2.5681465675956323 1
1659187810323 2.0767425800624646 2
1659187817471 1.6979053318500519 3
1659187825535 1.2732763648033143 4
1659187832351 1.0549899841609753 5
1659187838365 0.7512690707256919 6
1659187846631 0.49041730378355297 7
1659187853720 0.3909810833632946 8
1659187860717 0.29144859313964844 9
1659187867632 0.2458616730413939 10
1659187873707 0.19849768124128642 11
1659187881361 0.16063163233430763 12
1659187887414 0.1441572867333889 13
1659187895369 0.11522461753338575 14
1659187902020 0.11265083443787363 15
1659187907835 0.08085775561630726 16
1659187915833 0.061622054502367976 17
1659187922676 0.07050219197806559 18
1659187929635 0.058552232619963195 19
1659187936577 0.053467744275143274 20
1659187943559 0.05291459003561422 21
1659187949750 0.04612951529653449 22
1659187957869 0.03758519347757101 23
1659187964998 0.04246274810284376 24
1659187972207 0.02862885408103466 25
1659187979045 0.035323240843258406 26
1659187985158 0.029590697664963573 27
1659187992920 0.0270810356657756 28
1659187999570 0.0423965056737264 29
1659188005414 0.027076575491163466 30
1659188013222 0.023020644721231963 31
1659188020188 0.024942831969574877 32
1659188026261 0.021667908092862682 33
1659188033532 0.01544510256499052 34
1659188041373 0.016014414006157926 35
1659188047472 0.02561572468594501 36
1659188055323 0.023402185032242222 37
1659188061512 0.017310720721357746 38
1659188069392 0.017484787851572037 39
1659188076562 0.012857345766142794 40
1659188082636 0.018003719025536588 41
1659188090787 0.015011489018797874 42
1659188097213 0.01349111869931221 43
1659188105021 0.009710333653186498 44
1659188111210 0.013601437407104592 45
1659188118821 0.009652229025959969 46
1659188124837 0.016034073506792385 47
1659188132857 0.011521677241513604 48
1659188139299 0.00849573765146105 49
1659188147235 0.01762746274471283 50
1659188153732 0.011334873931972604 51
1659188161715 0.009491515002752604 52
1659188168113 0.008098963648080826 53
1659188176435 0.008392178110386195 54
1659188183618 0.010648200190381 55
1659188190557 0.012388844043016434 56
1659188196598 0.022036156927545864 57
1659188204180 0.006730997934937477 58
1659188210316 0.010496967989537451 59
1659188217696 0.011475279731185813 60
1659188225672 0.007647603946296792 61
1659188232052 0.013938403051150473 62
1659188240094 0.00973382200065412 63
1659188247488 0.011051384634093234 64
1659188254688 0.010698389882842699 65
1659188261012 0.008716579733623398 66
1659188268443 0.010644034296274186 67
1659188276954 0.011761342485745748 68
1659188284183 0.008472417922396409 69
1659188290478 0.010326050810123744 70
1659188298838 0.005475873500108719 71
1659188305934 0.007653918509420596 72
1659188313044 0.008949671136705499 73
1659188319349 0.0042933404053512375 74
1659188327292 0.0077550593567521945 75
1659188333800 0.01808324083685875 76
1659188342225 0.015109164454042912 77
1659188349358 0.015237519615574888 78
1659188531555 0.008634195515983984 79
1659188539714 0.013420418463647365 80
1659188546924 0.009288852289319038 81
1659188553358 0.011328933387994766 82
1659188561235 0.009837543689890912 83
1659188568224 0.011493133675110968 84
1659188574878 0.008770463781224357 85
1659188580685 0.008117145134343041 86
1659188588676 0.008048161678016186 87
1659188595010 0.008562973700463772 88
1659188602781 0.009252160591514487 89
1659188608908 0.007241057918259972 90
1659188616413 0.010768211964103911 91
1659188623028 0.010780866982208358 92
1659188629024 0.008412541614638435 93
1659188636870 0.011626039288545909 94
1659188643859 0.011429870403126666 95
1659188650769 0.00627084292079273 96
1659188657117 0.014330704353357615 97
1659188664959 0.0052023747641789285 98
1659188671079 0.00645763740727776 99
1659188678870 0.009892237029577556 100
1659188685022 0.005356315327318091 101
1659188692545 0.008232389473252825 102
1659188698422 0.011724409129884508 103
1659188706221 0.009861049291334655 104
1659188712308 0.004076430476025531 105
1659188720365 0.00920772235840559 106
1659188727276 0.010041915272411547 107
1659188733378 0.008069092113720743 108
1659188741436 0.004764003120362759 109
1659188748125 0.006511194217536185 110
1659188754026 0.0043878646360503305 111
1659188761809 0.009569220637020311 112
1659188768441 0.016557326954272058 113
1659188774361 0.007393020515640576 114
1659188781395 0.009133493037600266 115
1659188789182 0.007089670551450629 116
1659188796062 0.00561427462257837 117
1659188802985 0.005622783969891698 118
1659188970579 0.008651795355897201 119
