1659187797411 4.155878162384033 0
1659187804321 4.074600897337261 1
1659187810323 3.9195439062620463 2
1659187817471 3.645248520374298 3
1659187825535 3.1911188125610352 4
1659187832351 2.6518946948804354 5
1659187838365 2.115727274041427 6
1659187846631 1.6072724887302943 7
1659187853720 1.3239602267742157 8
1659187860717 1.1445861428976059 9
1659187867632 1.0535469557109631 10
1659187873707 0.9882588323793913 11
1659187881361 0.9427951574325562 12
1659187887414 0.9247388808350814 13
1659187895369 0.9004493147134781 14
1659187902020 0.898069785700904 15
1659187907835 0.8754449453618791 16
1659187915833 0.8577657341957092 17
1659187922676 0.8643640279769897 18
1659187929635 0.8570092508667394 19
1659187936577 0.8455463302762884 20
1659187943559 0.8413485602328652 21
1659187949750 0.8424106459868582 22
1659187957869 0.8312482684850693 23
1659187964998 0.8345983237028122 24
1659187972207 0.8211170375347138 25
1659187979045 0.8236713127086037 26
1659187985158 0.8179844304134971 27
1659187992920 0.8164886581270319 28
1659187999570 0.8212228218714396 29
1659188005414 0.8139327002896203 30
1659188013222 0.8109318519893446 31
1659188020188 0.8102566035170304 32
1659188026261 0.8078230744914005 33
1659188033532 0.8036370545625686 34
1659188041373 0.8011610194256431 35
1659188047472 0.8064063191413879 36
1659188055323 0.8035715787034285 37
1659188061512 0.7984062778322321 38
1659188069392 0.800163375703912 39
1659188076562 0.7947932011202762 40
1659188082636 0.7960768655726784 41
1659188090787 0.7927326679229736 42
1659188097213 0.7927984803915024 43
1659188105021 0.7914852060769734 44
1659188111210 0.7953453722753023 45
1659188118821 0.7868269549475776 46
1659188124837 0.7896255784564548 47
1659188132857 0.78932334561097 48
1659188139299 0.7847776632559927 49
1659188147235 0.7918641473117628 50
1659188153732 0.7888134121894836 51
1659188161715 0.7859976668106882 52
1659188168113 0.7874950578338221 53
1659188176435 0.788971882117422 54
1659188183618 0.7909800441641557 55
1659188190557 0.7898748682604896 56
1659188196598 0.7929514745871226 57
1659188204180 0.7846709158685472 58
1659188210316 0.7873688075277541 59
1659188217696 0.7870722977738631 60
1659188225672 0.7848955832029644 61
1659188232052 0.7897829225188807 62
1659188240094 0.7817446997291163 63
1659188247488 0.7862101667805722 64
1659188254688 0.7870876689751943 65
1659188261012 0.7826822896798452 66
1659188268443 0.784699335694313 67
1659188276954 0.7877871621222723 68
1659188284183 0.7856035797219527 69
1659188290478 0.7818756511336878 70
1659188298838 0.7811456203460694 71
1659188305934 0.7836272026363172 72
1659188313044 0.7809532692557887 73
1659188319349 0.7818029867975336 74
1659188327292 0.782341762592918 75
1659188333800 0.7868917772644445 76
1659188342225 0.7878638625144958 77
1659188349358 0.7835037394573814 78
1659188531555 0.7848193237656041 79
1659188539714 0.783762764930725 80
1659188546924 0.7812956273555756 81
1659188553358 0.7838253915309906 82
1659188561235 0.7855920352433857 83
1659188568224 0.783603614882419 84
1659188574878 0.7837541566954719 85
1659188580685 0.7864856057696872 86
1659188588676 0.7836926788091659 87
1659188595010 0.7809512674808502 88
1659188602781 0.7823611937071148 89
1659188608908 0.7796377257296914 90
1659188616413 0.7802423106299506 91
1659188623028 0.7799048986699846 92
1659188629024 0.7794237931569418 93
1659188636870 0.7849530734513935 94
1659188643859 0.7817799574450442 95
1659188650769 0.7808087468147278 96
1659188657117 0.786924029651441 97
1659188664959 0.7802840000704715 98
1659188671079 0.7804198767009535 99
1659188678870 0.7820978133301986 100
1659188685022 0.7804513605017411 101
1659188692545 0.7812726232740614 102
1659188698422 0.7848454614480337 103
1659188706221 0.7814950472430179 104
1659188712308 0.7805511731850473 105
1659188720365 0.7793321490287781 106
1659188727276 0.7857377246806496 107
1659188733378 0.7783591308091816 108
1659188741436 0.7771013081073761 109
1659188748125 0.7811934550603231 110
1659188754026 0.7823631399207644 111
1659188761809 0.7851155839468303 112
1659188768441 0.7825413942337036 113
1659188774361 0.7827694515387217 114
1659188781395 0.7809756837393108 115
1659188789182 0.7811460494995117 116
1659188796062 0.7793956336222196 117
1659188802985 0.780056335424122 118
1659188970579 0.7807222353784662 119
