1658907722447 2.242245137101353 0
1658907749581 1.4727834882122455 1
1658907778730 0.6902664657316956 2
1658907807087 0.3868237935444888 3
1658907835511 0.2510668147428363 4
1658907863786 0.16963357692307765 5
1658907891960 0.12724908769573315 6
1658907920046 0.0872175287234016 7
1658907947419 0.06396464710262152 8
1658907976453 0.05265908248464365 9
1658908003763 0.048711369607118096 10
1658908032980 0.03528833356412018 11
1658908061346 0.03329836029340239 12
1658908089752 0.027655386018986795 13
1658908118011 0.020404331221738282 14
1658908146310 0.018649662762661192 15
1658908174595 0.015820545746999627 16
1658908202974 0.013539275428389801 17
1658908230994 0.012181004979601591 18
1658908258170 0.012822318877471556 19
1658908287064 0.009883639826854267 20
1658908315171 0.00955029680292205 21
1658908342423 0.008788657927940978 22
1658908371553 0.008162339692752735 23
1658908399757 0.008707739680194029 24
1658908428005 0.006841901357811276 25
1658908455260 0.007265087447617904 26
1658908484239 0.005868299089667231 27
1658908512270 0.0060921087400010315 28
1658908540435 0.005621661395203359 29
1658908568551 0.005752710533319133 30
1658908596734 0.004235836658811215 31
1658908624996 0.006464464497743266 32
1658908652382 0.004821039053915751 33
1658908681373 0.004906972870230675 34
1658908708566 0.005448938218305017 35
1658908737575 0.005495429656809509 36
1658908765554 0.004944796139134629 37
1658908793626 0.00500465675008179 38
1658908923957 0.003809915744874737 39
1658908951160 0.002202185341110914 40
1658908980351 0.002266411039539996 41
1658909008681 0.0019794786896775753 42
1658909036842 0.0016149737696984027 43
1658909064171 0.0017085192485315965 44
1658909093336 0.001941805888040393 45
1658909121858 0.001497849639432103 46
1658909150275 0.001495915191138492 47
1658909178444 0.0017229174586510894 48
1658909206598 0.0016003268687884407 49
1658909234823 0.002070129092893388 50
1658909262910 0.0011396866734370147 51
1658909290930 0.0019360060093574004 52
1658909318944 0.001124812068768067 53
1658909346994 0.001453364304829352 54
1658909375104 0.0015505248274986106 55
1658909402301 0.0009239029489678911 56
1658909431526 0.0015087009809326892 57
1658909459577 0.0013637710915933741 58
1658909487534 0.0012702652170221405 59
1658909515622 0.0006774648249444395 60
1658909543635 0.0013217777013778687 61
1658909571046 0.0010843391225922225 62
1658909600392 0.001106026901991344 63
1658909628714 0.0012865116198857625 64
1658909657152 0.0011032316011979299 65
1658909685566 0.0015166725817264296 66
1658909713777 0.0011833187211120484 67
1658909740987 0.0010818506839989435 68
1658909770131 0.0011242975729821932 69
1658909798363 0.001407922909475199 70
1658909825776 0.0011642357279168496 71
1658909854571 0.0009468352366792094 72
1658909881729 0.0012064900175474658 73
1658909910824 0.0008366988314425244 74
1658909939230 0.0006651726697443747 75
1658909967534 0.0007632667856181369 76
1658909995868 0.000846958691802095 77
1658910023864 0.0010466374327788258 78
1658910151657 0.0011137358586091807 79
1658910180527 0.0009982847783825185 80
1658910207791 0.0009229765596366165 81
1658910236981 0.0010610055178403854 82
1658910265092 0.001038679226052643 83
1658910293237 0.0007961865164118238 84
1658910320446 0.0011300168341339225 85
1658910349718 0.0010173695947171427 86
1658910377709 0.0009388368355460686 87
1658910404998 0.0012140868342306354 88
1658910434228 0.0015424400899964985 89
1658910462348 0.0008746063945317032 90
1658910490474 0.0010732937106254078 91
1658910517727 0.0006548602613482145 92
1658910546698 0.0009101766004863352 93
1658910574584 0.0009224302421259408 94
1658910601754 0.000799681742371309 95
1658910630800 0.0009021125642546252 96
1658910659069 0.0008347864974947536 97
1658910687060 0.0005177591770592302 98
1658910714193 0.0011961869434407443 99
1658910743051 0.000618431624947208 100
1658910770312 0.0008008580949932042 101
