1658907722447 11.36337681572036 0
1658907749581 8.858659404339177 1
1658907778730 4.230344671829074 2
1658907807087 2.4772930379007376 3
1658907835511 2.246122248032514 4
1658907863786 2.203020428666974 5
1658907891960 2.233478255791239 6
1658907920046 2.3344667477182823 7
1658907947419 2.4361089031295022 8
1658907976453 2.535433308912976 9
1658908003763 2.563862123111687 10
1658908032980 2.658071104217978 11
1658908061346 2.7080467752381865 12
1658908089752 2.7432225077759984 13
1658908118011 2.8174834134531954 14
1658908146310 2.873986003445644 15
1658908174595 2.92293873721478 16
1658908202974 2.985387362685858 17
1658908230994 2.9951800473845833 18
1658908258170 2.9705747920687835 19
1658908287064 3.0397991992459437 20
1658908315171 3.080764673724033 21
1658908342423 3.0694802114278965 22
1658908371553 3.0796292669632854 23
1658908399757 3.0749595967849883 24
1658908428005 3.1118162787786803 25
1658908455260 3.1061286713817333 26
1658908484239 3.0748481774094083 27
1658908512270 3.148338251774854 28
1658908540435 3.0978820229520894 29
1658908568551 3.115024410852111 30
1658908596734 3.089606830389193 31
1658908624996 3.100119102119219 32
1658908652382 3.1143855434833188 33
1658908681373 3.125315267260712 34
1658908708566 3.110227816175706 35
1658908737575 3.0997729561116434 36
1658908765554 3.1018194585743517 37
1658908793626 3.1025101430345288 38
1658908923957 3.112744676004542 39
1658908951160 3.029723261842633 40
1658908980351 3.038309592826694 41
1658909008681 3.038617482372359 42
1658909036842 3.057486409007913 43
1658909064171 3.060641640483743 44
1658909093336 3.041333182185304 45
1658909121858 3.0421426927342132 46
1658909150275 3.0242862187179864 47
1658909178444 3.017567063322162 48
1658909206598 3.025098007504303 49
1658909234823 3.014546606800344 50
1658909262910 2.9954886743337803 51
1658909290930 3.009950829024362 52
1658909318944 2.9859432631199905 53
1658909346994 2.9784424116115757 54
1658909375104 2.9897685334233954 55
1658909402301 3.0024428249585746 56
1658909431526 3.0025117771298278 57
1658909459577 2.986859921181556 58
1658909487534 2.98083767560449 59
1658909515622 2.9830179072842737 60
1658909543635 2.9626301468008815 61
1658909571046 2.9466031659947762 62
1658909600392 2.9498005567812453 63
1658909628714 2.9530846979103837 64
1658909657152 2.9689659885331694 65
1658909685566 2.967120556270375 66
1658909713777 2.943869994418456 67
1658909740987 2.965241309439782 68
1658909770131 2.9382155106799437 69
1658909798363 2.922261377372364 70
1658909825776 2.919949021669898 71
1658909854571 2.9241661104825463 72
1658909881729 2.929041786949233 73
1658909910824 2.9342947426964257 74
1658909939230 2.9317533245273664 75
1658909967534 2.932547990013571 76
1658909995868 2.9303433030259374 77
1658910023864 2.9230697839566977 78
1658910151657 2.9317161777231955 79
1658910180527 2.934801708353628 80
1658910207791 2.9289042194290915 81
1658910236981 2.9060008736217724 82
1658910265092 2.912349618307435 83
1658910293237 2.9152389516924866 84
1658910320446 2.916292469100197 85
1658910349718 2.9209275876774505 86
1658910377709 2.9235370843717368 87
1658910404998 2.919565937306621 88
1658910434228 2.9172366963754786 89
1658910462348 2.918012314503736 90
1658910490474 2.9218669622251303 91
1658910517727 2.9259175640521664 92
1658910546698 2.9169485309336447 93
1658910574584 2.913461992056063 94
1658910601754 2.919428546829979 95
1658910630800 2.9170816973143934 96
1658910659069 2.9168023151509903 97
1658910687060 2.921093501666985 98
1658910714193 2.9111382158675996 99
1658910743051 2.913945174453282 100
1658910770312 2.9151527598352716 101
