1658907722447 9.675371632717624 0
1658907749581 8.00049084011871 1
1658907778730 4.144351727822247 2
1658907807087 2.7234420145259186 3
1658907835511 2.738793756447586 4
1658907863786 2.923142898200762 5
1658907891960 3.1035264529804194 6
1658907920046 3.3928971148953577 7
1658907947419 3.6535143144059887 8
1658907976453 3.872802189081022 9
1658908003763 3.935311933555225 10
1658908032980 4.142348534920636 11
1658908061346 4.247321935260997 12
1658908089752 4.330250898996989 13
1658908118011 4.50522479356504 14
1658908146310 4.615654795777564 15
1658908174595 4.693851774814082 16
1658908202974 4.825759261262183 17
1658908230994 4.872759837915401 18
1658908258170 4.83651601205958 19
1658908287064 4.985052486457447 20
1658908315171 5.077785921568918 21
1658908342423 5.09041942464243 22
1658908371553 5.1162730338526705 23
1658908399757 5.110614465014769 24
1658908428005 5.1913066146397355 25
1658908455260 5.196933831318771 26
1658908484239 5.166064078264897 27
1658908512270 5.284315694676767 28
1658908540435 5.233462654718078 29
1658908568551 5.261832539397891 30
1658908596734 5.2394571257109686 31
1658908624996 5.252288228214377 32
1658908652382 5.278156634604577 33
1658908681373 5.313129207875469 34
1658908708566 5.2866931292090085 35
1658908737575 5.273639650628118 36
1658908765554 5.284071554051767 37
1658908793626 5.308489138537114 38
1658908923957 5.350196696744106 39
1658908951160 5.285794248675356 40
1658908980351 5.359044701445336 41
1658909008681 5.357908580817428 42
1658909036842 5.412014205857079 43
1658909064171 5.430595426276179 44
1658909093336 5.406278773850086 45
1658909121858 5.414597020429723 46
1658909150275 5.387241536495733 47
1658909178444 5.373426744253329 48
1658909206598 5.3792130687449236 49
1658909234823 5.397891327886298 50
1658909262910 5.383628028454167 51
1658909290930 5.399749444262816 52
1658909318944 5.3562695909254625 53
1658909346994 5.3848265232426105 54
1658909375104 5.37739370364954 55
1658909402301 5.408305696921773 56
1658909431526 5.402611998950734 57
1658909459577 5.369099116561436 58
1658909487534 5.406931461674152 59
1658909515622 5.410375250448094 60
1658909543635 5.362284225992637 61
1658909571046 5.352592520194478 62
1658909600392 5.339067286136103 63
1658909628714 5.373064176709044 64
1658909657152 5.401780708163392 65
1658909685566 5.3817930922788735 66
1658909713777 5.375225865014709 67
1658909740987 5.413814469139175 68
1658909770131 5.366147022436161 69
1658909798363 5.362804238158877 70
1658909825776 5.37022581194887 71
1658909854571 5.364224651072285 72
1658909881729 5.381431357695325 73
1658909910824 5.380927646861357 74
1658909939230 5.392409745384665 75
1658909967534 5.386669359955133 76
1658909995868 5.386860749300788 77
1658910023864 5.371834608587888 78
1658910151657 5.36565089933943 79
1658910180527 5.376330696710266 80
1658910207791 5.370980918997585 81
1658910236981 5.372518502029718 82
1658910265092 5.367312516316329 83
1658910293237 5.377546758935003 84
1658910320446 5.3665666721835 85
1658910349718 5.352272529228061 86
1658910377709 5.3763746743155 87
1658910404998 5.360833980069302 88
1658910434228 5.350556061999632 89
1658910462348 5.3706404053338686 90
1658910490474 5.371198300087806 91
1658910517727 5.3697986744418005 92
1658910546698 5.370910696464009 93
1658910574584 5.362122039983769 94
1658910601754 5.3785456194735985 95
1658910630800 5.36753779299119 96
1658910659069 5.3817005765204335 97
1658910687060 5.360917284937188 98
1658910714193 5.3397536749887 99
1658910743051 5.372903110957382 100
1658910770312 5.373909591448189 101
