1658907722447 12.661730766296387 0
1658907749581 10.461108207702637 1
1658907778730 8.300692558288574 2
1658907807087 6.9271063804626465 3
1658907835511 5.8307881355285645 4
1658907863786 4.8661041259765625 5
1658907891960 4.0808491706848145 6
1658907920046 3.360649347305298 7
1658907947419 2.8329122066497803 8
1658907976453 2.4355618953704834 9
1658908003763 2.17368221282959 10
1658908032980 1.9365241527557373 11
1658908061346 1.8244950771331787 12
1658908089752 1.712772250175476 13
1658908118011 1.6195087432861328 14
1658908146310 1.5646238327026367 15
1658908174595 1.5195159912109375 16
1658908202974 1.4760321378707886 17
1658908230994 1.44199538230896 18
1658908258170 1.4340484142303467 19
1658908287064 1.388327956199646 20
1658908315171 1.369519829750061 21
1658908342423 1.356693983078003 22
1658908371553 1.3460191488265991 23
1658908399757 1.3376045227050781 24
1658908428005 1.3149062395095825 25
1658908455260 1.3001182079315186 26
1658908484239 1.2911101579666138 27
1658908512270 1.2841203212738037 28
1658908540435 1.264567494392395 29
1658908568551 1.2714698314666748 30
1658908596734 1.2586565017700195 31
1658908624996 1.2557376623153687 32
1658908652382 1.2522488832473755 33
1658908681373 1.24282968044281 34
1658908708566 1.2408568859100342 35
1658908737575 1.2444988489151 36
1658908765554 1.234708547592163 37
1658908793626 1.2338268756866455 38
1658908923957 1.222123622894287 39
1658908951160 1.191508173942566 40
1658908980351 1.1685590744018555 41
1658909008681 1.161765217781067 42
1658909036842 1.1548941135406494 43
1658909064171 1.1524653434753418 44
1658909093336 1.1525475978851318 45
1658909121858 1.1455879211425781 46
1658909150275 1.1425749063491821 47
1658909178444 1.1450392007827759 48
1658909206598 1.1432526111602783 49
1658909234823 1.1447525024414062 50
1658909262910 1.1357746124267578 51
1658909290930 1.1388976573944092 52
1658909318944 1.1335976123809814 53
1658909346994 1.1293516159057617 54
1658909375104 1.1303443908691406 55
1658909402301 1.1255526542663574 56
1658909431526 1.129781723022461 57
1658909459577 1.1289256811141968 58
1658909487534 1.1234060525894165 59
1658909515622 1.1167222261428833 60
1658909543635 1.1240159273147583 61
1658909571046 1.1202349662780762 62
1658909600392 1.124009370803833 63
1658909628714 1.1194554567337036 64
1658909657152 1.1187490224838257 65
1658909685566 1.1233038902282715 66
1658909713777 1.1178909540176392 67
1658909740987 1.1156412363052368 68
1658909770131 1.1187962293624878 69
1658909798363 1.1181203126907349 70
1658909825776 1.1133145093917847 71
1658909854571 1.1125935316085815 72
1658909881729 1.11551034450531 73
1658909910824 1.1137841939926147 74
1658909939230 1.1074978113174438 75
1658909967534 1.1096493005752563 76
1658909995868 1.1092476844787598 77
1658910023864 1.1125586032867432 78
1658910151657 1.1138116121292114 79
1658910180527 1.111274003982544 80
1658910207791 1.1101303100585938 81
1658910236981 1.1052078008651733 82
1658910265092 1.1096097230911255 83
1658910293237 1.1042709350585938 84
1658910320446 1.1072396039962769 85
1658910349718 1.1106747388839722 86
1658910377709 1.1065165996551514 87
1658910404998 1.1131922006607056 88
1658910434228 1.1122016906738281 89
1658910462348 1.1057366132736206 90
1658910490474 1.1076339483261108 91
1658910517727 1.1069730520248413 92
1658910546698 1.1047314405441284 93
1658910574584 1.1067774295806885 94
1658910601754 1.1084387302398682 95
1658910630800 1.1045465469360352 96
1658910659069 1.105450987815857 97
1658910687060 1.1056817770004272 98
1658910714193 1.1090694665908813 99
1658910743051 1.104340672492981 100
1658910770312 1.1052300930023193 101
