1658907722447 22.367899356502118 0
1658907749581 20.413712435429638 1
1658907778730 14.005794674742456 2
1658907807087 11.166793570798987 3
1658907835511 10.817791527392817 4
1658907863786 10.879210613741733 5
1658907891960 10.957610970676535 6
1658907920046 11.234067019849721 7
1658907947419 11.504401254181815 8
1658907976453 11.72083575182622 9
1658908003763 11.759772017450615 10
1658908032980 11.939811697193221 11
1658908061346 12.029470191282385 12
1658908089752 12.063300815283084 13
1658908118011 12.2239102008296 14
1658908146310 12.318270000756955 15
1658908174595 12.326755748075598 16
1658908202974 12.47303004358329 17
1658908230994 12.503887969668549 18
1658908258170 12.447053031166002 19
1658908287064 12.53758966804731 20
1658908315171 12.593771773989838 21
1658908342423 12.570865291179997 22
1658908371553 12.615119354397644 23
1658908399757 12.54990058370156 24
1658908428005 12.633817606633253 25
1658908455260 12.590689753541852 26
1658908484239 12.495613589145169 27
1658908512270 12.620974748441489 28
1658908540435 12.505379601280287 29
1658908568551 12.547487211699533 30
1658908596734 12.471197827027575 31
1658908624996 12.470469691965839 32
1658908652382 12.506539495864716 33
1658908681373 12.506064981517225 34
1658908708566 12.425410799460836 35
1658908737575 12.408908107493183 36
1658908765554 12.400381409295715 37
1658908793626 12.362624668838954 38
1658908923957 12.429839625216946 39
1658908951160 12.23538617804499 40
1658908980351 12.289075131509819 41
1658909008681 12.27738832024967 42
1658909036842 12.320618969379085 43
1658909064171 12.33129659029517 44
1658909093336 12.276809505387849 45
1658909121858 12.281469288994284 46
1658909150275 12.233709288578407 47
1658909178444 12.217412249876721 48
1658909206598 12.223011139595863 49
1658909234823 12.228251967099634 50
1658909262910 12.180608447235409 51
1658909290930 12.217239162709454 52
1658909318944 12.135801438057777 53
1658909346994 12.122770215025042 54
1658909375104 12.135139399235792 55
1658909402301 12.17177404271494 56
1658909431526 12.142686460532394 57
1658909459577 12.112928683214848 58
1658909487534 12.124778388750435 59
1658909515622 12.124598219843193 60
1658909543635 12.042913710716928 61
1658909571046 12.019208369868817 62
1658909600392 12.038340428296257 63
1658909628714 12.044473713519526 64
1658909657152 12.069858420128917 65
1658909685566 12.053844302308326 66
1658909713777 12.023796412024167 67
1658909740987 12.061879837867057 68
1658909770131 11.96927524793266 69
1658909798363 11.939916327448174 70
1658909825776 11.950501423070927 71
1658909854571 11.959644062684314 72
1658909881729 11.970522030745402 73
1658909910824 11.982058225893507 74
1658909939230 11.984122743793563 75
1658909967534 11.987312354293524 76
1658909995868 11.977604351791681 77
1658910023864 11.956580860780017 78
1658910151657 11.964728525369475 79
1658910180527 11.971534474061267 80
1658910207791 11.958298579300985 81
1658910236981 11.942110220591227 82
1658910265092 11.940700908698657 83
1658910293237 11.94834277653458 84
1658910320446 11.953189085025599 85
1658910349718 11.946040293749641 86
1658910377709 11.949627706319978 87
1658910404998 11.938451644217613 88
1658910434228 11.933862261252829 89
1658910462348 11.94584617992439 90
1658910490474 11.944515294367724 91
1658910517727 11.942272025759857 92
1658910546698 11.942264698519566 93
1658910574584 11.921159706493416 94
1658910601754 11.939820667304614 95
1658910630800 11.935254873013964 96
1658910659069 11.933432672538009 97
1658910687060 11.93207623698924 98
1658910714193 11.9229949158017 99
1658910743051 11.932644239746699 100
1658910770312 11.92771864409494 101
