1658907722447 0.0001 0
1658907749581 1e-05 1
1658907778730 2e-05 2
1658907807087 3e-05 3
1658907835511 4e-05 4
1658907863786 5e-05 5
1658907891960 6e-05 6
1658907920046 7e-05 7
1658907947419 8e-05 8
1658907976453 9e-05 9
1658908003763 0.0001 10
1658908032980 0.0001 11
1658908061346 0.0001 12
1658908089752 0.0001 13
1658908118011 0.0001 14
1658908146310 0.0001 15
1658908174595 0.0001 16
1658908202974 0.0001 17
1658908230994 0.0001 18
1658908258170 0.0001 19
1658908287064 0.0001 20
1658908315171 0.0001 21
1658908342423 0.0001 22
1658908371553 0.0001 23
1658908399757 0.0001 24
1658908428005 0.0001 25
1658908455260 0.0001 26
1658908484239 0.0001 27
1658908512270 0.0001 28
1658908540435 0.0001 29
1658908568551 0.0001 30
1658908596734 0.0001 31
1658908624996 0.0001 32
1658908652382 0.0001 33
1658908681373 0.0001 34
1658908708566 0.0001 35
1658908737575 0.0001 36
1658908765554 0.0001 37
1658908793626 0.0001 38
1658908923957 0.0001 39
1658908951160 1e-05 40
1658908980351 1e-05 41
1658909008681 1e-05 42
1658909036842 1e-05 43
1658909064171 1e-05 44
1658909093336 1e-05 45
1658909121858 1e-05 46
1658909150275 1e-05 47
1658909178444 1e-05 48
1658909206598 1e-05 49
1658909234823 1e-05 50
1658909262910 1e-05 51
1658909290930 1e-05 52
1658909318944 1e-05 53
1658909346994 1e-05 54
1658909375104 1e-05 55
1658909402301 1e-05 56
1658909431526 1e-05 57
1658909459577 1e-05 58
1658909487534 1e-05 59
1658909515622 1e-05 60
1658909543635 1e-05 61
1658909571046 1e-05 62
1658909600392 1e-05 63
1658909628714 1e-05 64
1658909657152 1e-05 65
1658909685566 1e-05 66
1658909713777 1e-05 67
1658909740987 1e-05 68
1658909770131 1e-05 69
1658909798363 1.0000000000000002e-06 70
1658909825776 1.0000000000000002e-06 71
1658909854571 1.0000000000000002e-06 72
1658909881729 1.0000000000000002e-06 73
1658909910824 1.0000000000000002e-06 74
1658909939230 1.0000000000000002e-06 75
1658909967534 1.0000000000000002e-06 76
1658909995868 1.0000000000000002e-06 77
1658910023864 1.0000000000000002e-06 78
1658910151657 1.0000000000000002e-06 79
1658910180527 1.0000000000000002e-06 80
1658910207791 1.0000000000000002e-06 81
1658910236981 1.0000000000000002e-06 82
1658910265092 1.0000000000000002e-06 83
1658910293237 1.0000000000000002e-06 84
1658910320446 1.0000000000000002e-06 85
1658910349718 1.0000000000000002e-06 86
1658910377709 1.0000000000000002e-06 87
1658910404998 1.0000000000000002e-06 88
1658910434228 1.0000000000000002e-06 89
1658910462348 1.0000000000000002e-06 90
1658910490474 1.0000000000000002e-06 91
1658910517727 1.0000000000000002e-06 92
1658910546698 1.0000000000000002e-06 93
1658910574584 1.0000000000000002e-06 94
1658910601754 1.0000000000000002e-06 95
1658910630800 1.0000000000000002e-06 96
1658910659069 1.0000000000000002e-06 97
1658910687060 1.0000000000000002e-06 98
1658910714193 1.0000000000000002e-06 99
1658910743051 1.0000000000000002e-06 100
1658910770312 1.0000000000000002e-06 101
