1658907722447 6.5994096699327525 0
1658907749581 6.463127046528429 1
1658907778730 6.104827792036767 2
1658907807087 5.470788291856354 3
1658907835511 4.714734696874432 4
1658907863786 4.0053990430170945 5
1658907891960 3.3706810379972554 6
1658907920046 2.8103582386923307 7
1658907947419 2.384547414165912 8
1658907976453 2.058223212119376 9
1658908003763 1.8297032530945125 10
1658908032980 1.6615216580091738 11
1658908061346 1.574532217839185 12
1658908089752 1.4958452851164574 13
1658908118011 1.4372455828330095 14
1658908146310 1.4017165022737839 15
1658908174595 1.3717080646870183 16
1658908202974 1.345756729443868 17
1658908230994 1.319901992778967 18
1658908258170 1.313572593254618 19
1658908287064 1.286484162406166 20
1658908315171 1.2749017937348621 21
1658908342423 1.2695868027092208 22
1658908371553 1.2612277923845778 23
1658908399757 1.2524733153900298 24
1658908428005 1.2411607374059093 25
1658908455260 1.2288981345620487 26
1658908484239 1.2269543598193933 27
1658908512270 1.2224194696634123 28
1658908540435 1.2075625870487479 29
1658908568551 1.2119676972379778 30
1658908596734 1.2061787737478125 31
1658908624996 1.198471684267025 32
1658908652382 1.196671707795398 33
1658908681373 1.1921468383014793 34
1658908708566 1.187567369772656 35
1658908737575 1.1905619897464714 36
1658908765554 1.1852443052990602 37
1658908793626 1.183862038178019 38
1658908923957 1.1781123817557155 39
1658908951160 1.1595433655351695 40
1658908980351 1.1404398001876532 41
1658909008681 1.1347489508928037 42
1658909036842 1.1302796330782447 43
1658909064171 1.1282867264039447 44
1658909093336 1.1270251870155334 45
1658909121858 1.1225584161047841 46
1658909150275 1.1208460027096319 47
1658909178444 1.122408436076476 48
1658909206598 1.120340916189817 49
1658909234823 1.1202935086618555 50
1658909262910 1.1165892664748844 51
1658909290930 1.1165395550208517 52
1658909318944 1.1134490471075076 53
1658909346994 1.1104836581957223 54
1658909375104 1.1117230217055518 55
1658909402301 1.109145680276474 56
1658909431526 1.1099196836060168 57
1658909459577 1.1107216648536153 58
1658909487534 1.106854831818307 59
1658909515622 1.1027146625046682 60
1658909543635 1.106091022491455 61
1658909571046 1.1040769662007246 62
1658909600392 1.106712254823423 63
1658909628714 1.1033109227816265 64
1658909657152 1.1022008108157737 65
1658909685566 1.1045113381217508 66
1658909713777 1.1020984519826305 67
1658909740987 1.0990715392745367 68
1658909770131 1.1027652697988075 69
1658909798363 1.1007532117390397 70
1658909825776 1.0980908540215824 71
1658909854571 1.0978904809101973 72
1658909881729 1.0996406078338623 73
1658909910824 1.0982996155233944 74
1658909939230 1.0940494887969072 75
1658909967534 1.0953864326664047 76
1658909995868 1.095811317948734 77
1658910023864 1.0965827302177353 78
1658910151657 1.0970069559493867 79
1658910180527 1.096461813048561 80
1658910207791 1.0954822537922624 81
1658910236981 1.0913584582945879 82
1658910265092 1.0951359767724973 83
1658910293237 1.0917796970594047 84
1658910320446 1.0932452005915123 85
1658910349718 1.0962593906065996 86
1658910377709 1.093309722324409 87
1658910404998 1.0969288124896512 88
1658910434228 1.095076624709781 89
1658910462348 1.0923433905780906 90
1658910490474 1.0931333150013838 91
1658910517727 1.094202723833594 92
1658910546698 1.0914274465919722 93
1658910574584 1.0933731239621003 94
1658910601754 1.0954538418514894 95
1658910630800 1.0914987384104262 96
1658910659069 1.0924735162772385 97
1658910687060 1.09319006334437 98
1658910714193 1.093455962615438 99
1658910743051 1.0921349124153061 100
1658910770312 1.092593797362677 101
