1658907722447 2.681582007077661 0
1658907749581 1.7380201061173242 1
1658907778730 1.0021049765979542 2
1658907807087 0.7095009491724127 3
1658907835511 0.5910135589393914 4
1658907863786 0.47549945838970714 5
1658907891960 0.41157540088832967 6
1658907920046 0.3245218549624528 7
1658907947419 0.27072816821608214 8
1658907976453 0.23029208515245136 9
1658908003763 0.21653251062230308 10
1658908032980 0.17338834527660818 11
1658908061346 0.16013043426780724 12
1658908089752 0.14067753813430375 13
1658908118011 0.11951227991969562 14
1658908146310 0.1070712155425081 15
1658908174595 0.09920927927847586 16
1658908202974 0.08740910540754888 17
1658908230994 0.08359265543225378 18
1658908258170 0.08426858495810244 19
1658908287064 0.07058298209737433 20
1658908315171 0.06551552969630402 21
1658908342423 0.06054530571224076 22
1658908371553 0.06041184871220121 23
1658908399757 0.06140683753655689 24
1658908428005 0.05285105256751032 25
1658908455260 0.05091749653589017 26
1658908484239 0.046276206980542384 27
1658908512270 0.044083800240613445 28
1658908540435 0.04069085917112851 29
1658908568551 0.04356739387875146 30
1658908596734 0.0386473034314885 31
1658908624996 0.041644932591531535 32
1658908652382 0.04194672116179868 33
1658908681373 0.037321704799438464 34
1658908708566 0.03973745182156563 35
1658908737575 0.04064975166232279 36
1658908765554 0.03698915735551036 37
1658908793626 0.037678983873955095 38
1658908923957 0.033084998442099826 39
1658908951160 0.023255219314210485 40
1658908980351 0.01974252974797113 41
1658909008681 0.01918458560591235 42
1658909036842 0.017271012621055737 43
1658909064171 0.016888642702067254 44
1658909093336 0.01822372308621804 45
1658909121858 0.016301504244991376 46
1658909150275 0.015173173491276946 47
1658909178444 0.015946218670152203 48
1658909206598 0.016434993004739874 49
1658909234823 0.017609735895501504 50
1658909262910 0.013389156117002563 51
1658909290930 0.015797614811523124 52
1658909318944 0.014536448284098417 53
1658909346994 0.013001758863430211 54
1658909375104 0.012692972390663505 55
1658909402301 0.011109568233979811 56
1658909431526 0.014035713238020739 57
1658909459577 0.012589458892546078 58
1658909487534 0.011077026827353061 59
1658909515622 0.009174622669078336 60
1658909543635 0.01251114318423932 61
1658909571046 0.011056715899174757 62
1658909600392 0.012194124342618035 63
1658909628714 0.010879351100062622 64
1658909657152 0.011443417190628894 65
1658909685566 0.013309189319318416 66
1658909713777 0.010717994376721949 67
1658909740987 0.011573159052888946 68
1658909770131 0.01105575612054603 69
1658909798363 0.012168186154253411 70
1658909825776 0.010309592461084375 71
1658909854571 0.010007057320510987 72
1658909881729 0.010945610443849375 73
1658909910824 0.010937920680233077 74
1658909939230 0.009099504526923685 75
1658909967534 0.00982613445204847 76
1658909995868 0.008933867419175073 77
1658910023864 0.011300777278766773 78
1658910151657 0.012044263431931487 79
1658910180527 0.010178757001562873 80
1658910207791 0.010095375986530049 81
1658910236981 0.009236065250839674 82
1658910265092 0.009860611400834404 83
1658910293237 0.008138442209156433 84
1658910320446 0.009311616144115381 85
1658910349718 0.009823231154358854 86
1658910377709 0.008700127206226387 87
1658910404998 0.011496417980530475 88
1658910434228 0.012043978262803342 89
1658910462348 0.008984082037269478 90
1658910490474 0.009890374847420372 91
1658910517727 0.008562169637125317 92
1658910546698 0.008872653827956408 93
1658910574584 0.008961243407413512 94
1658910601754 0.008675639785014757 95
1658910630800 0.008622802793979645 96
1658910659069 0.008633097743286806 97
1658910687060 0.008468670696757807 98
1658910714193 0.010925839258597629 99
1658910743051 0.008094354597206163 100
1658910770312 0.008346149218407008 101
