1658907722447 1.138493832975331 0
1658907749581 0.7871770053216727 1
1658907778730 0.503492547600877 2
1658907807087 0.35999318307229117 3
1658907835511 0.2739732350934954 4
1658907863786 0.21557214594270924 5
1658907891960 0.171343573507401 6
1658907920046 0.13855162131978144 7
1658907947419 0.11367205649356146 8
1658907976453 0.09438752125727363 9
1658908003763 0.07873511856587806 10
1658908032980 0.0663257925177687 11
1658908061346 0.056533989432614805 12
1658908089752 0.048593952014640555 13
1658908118011 0.04234654519834793 14
1658908146310 0.03718641188050456 15
1658908174595 0.03277809142281173 16
1658908202974 0.029326884947972847 17
1658908230994 0.026319765628748895 18
1658908258170 0.023385037520513085 19
1658908287064 0.021377209555542113 20
1658908315171 0.019552090343567405 21
1658908342423 0.01777329816861023 22
1658908371553 0.016217139229981924 23
1658908399757 0.01501660363398271 24
1658908428005 0.014052479836794704 25
1658908455260 0.013037469828187829 26
1658908484239 0.012011313105536865 27
1658908512270 0.011524905243169258 28
1658908540435 0.01069235530598919 29
1658908568551 0.010182042633837993 30
1658908596734 0.009594655936897392 31
1658908624996 0.009156615270467678 32
1658908652382 0.00880943533346647 33
1658908681373 0.00845421507659525 34
1658908708566 0.008103227625499563 35
1658908737575 0.00779165688551741 36
1658908765554 0.007530325345953207 37
1658908793626 0.007281186580104698 38
1658908923957 0.007116326831723794 39
1658908951160 0.006507375379010002 40
1658908980351 0.006110244193205647 41
1658909008681 0.005852267360679952 42
1658909036842 0.005728494237628903 43
1658909064171 0.005581483397042692 44
1658909093336 0.0053568972690103975 45
1658909121858 0.005230076186468496 46
1658909150275 0.005059788982822176 47
1658909178444 0.004961606308744096 48
1658909206598 0.004876409963898287 49
1658909234823 0.00477922523375785 50
1658909262910 0.004656569312999744 51
1658909290930 0.0046244776544926485 52
1658909318944 0.004487323883625835 53
1658909346994 0.004412889826378905 54
1658909375104 0.0043779175594854764 55
1658909402301 0.004373412256562474 56
1658909431526 0.004317511446025295 57
1658909459577 0.004250802394777241 58
1658909487534 0.004204002455669907 59
1658909515622 0.004155532207967031 60
1658909543635 0.004092069308153621 61
1658909571046 0.0040169264083857285 62
1658909600392 0.0039969848163024175 63
1658909628714 0.003978578337267333 64
1658909657152 0.00400157589647992 65
1658909685566 0.003966641527892766 66
1658909713777 0.0038911723301257237 67
1658909740987 0.003914687630379259 68
1658909770131 0.003850857667292994 69
1658909798363 0.0037909846794376575 70
1658909825776 0.003749843562335366 71
1658909854571 0.003749237213707944 72
1658909881729 0.003717670558333987 73
1658909910824 0.003709957567408827 74
1658909939230 0.0036835798094341276 75
1658909967534 0.0036733792820835814 76
1658909995868 0.003655576126595192 77
1658910023864 0.003628470178804185 78
1658910151657 0.0036466367598069777 79
1658910180527 0.0036351025671615164 80
1658910207791 0.0036298037243841013 81
1658910236981 0.0035521216010309608 82
1658910265092 0.003574435278717982 83
1658910293237 0.003556668124447512 84
1658910320446 0.0035528793612882347 85
1658910349718 0.0035747033247139817 86
1658910377709 0.003567935474733315 87
1658910404998 0.0035529816684562085 88
1658910434228 0.0035386150287888426 89
1658910462348 0.0035345407553238443 90
1658910490474 0.0035369096088711874 91
1658910517727 0.003553329598121714 92
1658910546698 0.00352122255665536 93
1658910574584 0.003520651870305733 94
1658910601754 0.0035096224452746978 95
1658910630800 0.003522852768975438 96
1658910659069 0.003509460409701455 97
1658910687060 0.003505332971747854 98
1658910714193 0.003491428597728805 99
1658910743051 0.0034929574605557 100
1658910770312 0.0034893047627024723 101
