1659189006160 2.3627490520477297 0
1659189013027 1.9228411724692898 1
1659189019109 1.6397811362617893 2
1659189026331 1.3119639337062836 3
1659189034349 0.9184749543666839 4
1659189041290 0.6712590801088434 5
1659189047494 0.36081116528887497 6
1659189055758 0.1972441685696443 7
1659189062869 0.1348042362369597 8
1659189070120 0.08065225593745709 9
1659189077168 0.048716381192207336 10
1659189083480 0.04679568356981403 11
1659189091368 0.020940307135644712 12
1659189097534 0.01841188222169876 13
1659189105525 0.018257132172584532 14
1659189112206 0.011518468149006367 15
1659189118040 0.009740878517429033 16
1659189126157 0.011136311013251543 17
1659189133102 0.012470166149892305 18
1659189140205 0.0094226964406277 19
1659189147122 0.011076574851023523 20
1659189153998 0.007645194565779285 21
1659189160362 0.005957364251739101 22
1659189168647 0.0051902330480515955 23
1659189176115 0.004215413425117731 24
1659189183294 0.008014859538525343 25
1659189190346 0.00368300541058967 26
1659189196525 0.003916900212827481 27
1659189204534 0.0043705375374932035 28
1659189211380 0.004021575674414635 29
1659189217329 0.0060239193133181995 30
1659189225265 0.004707808263207737 31
1659189232310 0.0024104795761798557 32
1659189238716 0.005278856542549636 33
1659189246154 0.003332621231675148 34
1659189254108 0.003048624647291083 35
1659189260397 0.0033835406954351222 36
1659189268343 0.005664109203376268 37
1659189274704 0.0027452205356798673 38
1659189282671 0.0021137114810316185 39
1659189289731 0.0021442167068782604 40
1659189296049 0.0020875908238323112 41
1659189304239 0.0027991847135126592 42
1659189310815 0.0013391577638685703 43
1659189318761 0.0058154590231807605 44
1659189325106 0.002030682014791589 45
1659189332766 0.0023764101788401604 46
1659189338746 0.0011591964090863864 47
1659189346756 0.0023640379505722145 48
1659189353080 0.0013433720328305896 49
1659189361006 0.0009517615759059003 50
1659189367257 0.002073428446525022 51
1659189375179 0.0022310804771749596 52
1659189381506 0.0012934766709804535 53
1659189389516 0.002878361136505478 54
1659189396607 0.0027397905329340382 55
1659189403426 0.00093824602663517 56
1659189409498 0.0018277882287899654 57
1659189417138 0.0015461225476529864 58
1659189423133 0.0004254510212275717 59
1659189430326 0.0008994607548964651 60
1659189438290 0.001216827254546316 61
1659189444588 0.0005596781051472613 62
1659189452486 0.001840011853920786 63
1659189459511 0.0015528623602892224 64
1659189466256 0.0018113989176021682 65
1659189472307 0.0007274672389030457 66
1659189479732 0.001014581136405468 67
1659189488272 0.001000714355281421 68
1659189495402 0.00035560131072998047 69
1659189501963 0.0009416343742295316 70
1659189510366 0.0017918839119374752 71
1659189517452 0.0019136406481266022 72
1659189524558 0.0017692654540664272 73
1659189530903 0.0005066965363527599 74
1659189538872 0.0003466848284006119 75
1659189545239 0.0009499837301279369 76
1659189553471 0.0003910111263394356 77
1659189560822 0.0009795937098954852 78
1659189728770 0.0002804571076443321 79
