1659189006160 10.372292041778564 0
1659189013027 10.232481956481934 1
1659189019109 10.09619517075388 2
1659189026331 10.081537532806397 3
1659189034349 9.988868474960327 4
1659189041290 9.560207115976434 5
1659189047494 9.306623960796156 6
1659189055758 9.28537064506894 7
1659189062869 9.442979192733764 8
1659189070120 9.441192007064819 9
1659189077168 9.575213633085552 10
1659189083480 9.481437030591463 11
1659189091368 9.457595825195312 12
1659189097534 9.636072259200247 13
1659189105525 9.60631537437439 14
1659189112206 9.547707133822971 15
1659189118040 9.608127435048422 16
1659189126157 9.722691106796265 17
1659189133102 9.623785370274595 18
1659189140205 9.488340277420846 19
1659189147122 9.325822729813424 20
1659189153998 9.236262723019248 21
1659189160362 9.561673766688296 22
1659189168647 9.614608001708984 23
1659189176115 9.338023996353149 24
1659189183294 9.468651008605956 25
1659189190346 9.384479472511693 26
1659189196525 9.328588987651624 27
1659189204534 9.351550754747892 28
1659189211380 9.367621686723497 29
1659189217329 9.269670804341635 30
1659189225265 9.211981271442614 31
1659189232310 9.373254776000977 32
1659189238716 9.365890101382607 33
1659189246154 9.253844356536865 34
1659189254108 9.28052716506155 35
1659189260397 9.263828578748202 36
1659189268343 9.106314106991416 37
1659189274704 9.060119980259946 38
1659189282671 9.206590200725355 39
1659189289731 9.231129345140959 40
1659189296049 9.304035136574193 41
1659189304239 9.227668905258179 42
1659189310815 9.186743021011353 43
1659189318761 9.165803407367907 44
1659189325106 9.316590309143066 45
1659189332766 9.20155339770847 46
1659189338746 9.133285946316189 47
1659189346756 9.17380112095883 48
1659189353080 9.135191566065737 49
1659189361006 9.181764903821444 50
1659189367257 9.076461340251722 51
1659189375179 9.047440127322549 52
1659189381506 9.112862938328794 53
1659189389516 9.106729758413215 54
1659189396607 9.05006248072574 55
1659189403426 9.04946936501397 56
1659189409498 9.030810727013481 57
1659189417138 8.988854461246067 58
1659189423133 8.91491773393419 59
1659189430326 9.032494294015985 60
1659189438290 9.058268848218416 61
1659189444588 8.988269906294974 62
1659189452486 8.95800434915643 63
1659189459511 9.031020817003752 64
1659189466256 8.947348488701714 65
1659189472307 8.97884194056193 66
1659189479732 8.97342915534973 67
1659189488272 8.910909243992396 68
1659189495402 8.836242725974635 69
1659189501963 8.88091368424265 70
1659189510366 8.775794982910156 71
1659189517452 8.816335728293971 72
1659189524558 8.80284555334794 73
1659189530903 8.791883719594855 74
1659189538872 8.807102554722837 75
1659189545239 8.802654617711118 76
1659189553471 8.875612783432008 77
1659189560822 8.805051301655016 78
1659189728770 8.834195689151162 79
