1659189006160 10.87357234954834 0
1659189013027 9.050468444824219 1
1659189019109 7.901073455810547 2
1659189026331 6.827762126922607 3
1659189034349 5.568582534790039 4
1659189041290 4.503922462463379 5
1659189047494 3.277872085571289 6
1659189055758 2.3782432079315186 7
1659189062869 1.9247840642929077 8
1659189070120 1.5653177499771118 9
1659189077168 1.3520500659942627 10
1659189083480 1.3157721757888794 11
1659189091368 1.1192238330841064 12
1659189097534 1.068467617034912 13
1659189105525 1.0288726091384888 14
1659189112206 1.005930781364441 15
1659189118040 0.985108494758606 16
1659189126157 0.9629132151603699 17
1659189133102 0.9680479764938354 18
1659189140205 0.9317609071731567 19
1659189147122 0.9475047588348389 20
1659189153998 0.9254724383354187 21
1659189160362 0.9163942933082581 22
1659189168647 0.8924886584281921 23
1659189176115 0.8835250735282898 24
1659189183294 0.8928537368774414 25
1659189190346 0.8730034232139587 26
1659189196525 0.870660662651062 27
1659189204534 0.8663517832756042 28
1659189211380 0.8721504807472229 29
1659189217329 0.8810914158821106 30
1659189225265 0.8695725202560425 31
1659189232310 0.8466126322746277 32
1659189238716 0.8641129732131958 33
1659189246154 0.8573822975158691 34
1659189254108 0.8523522615432739 35
1659189260397 0.8404011130332947 36
1659189268343 0.8597344756126404 37
1659189274704 0.841646134853363 38
1659189282671 0.8367586135864258 39
1659189289731 0.8285254836082458 40
1659189296049 0.8280828595161438 41
1659189304239 0.8335922360420227 42
1659189310815 0.8198105096817017 43
1659189318761 0.8432796001434326 44
1659189325106 0.8194001913070679 45
1659189332766 0.816385805606842 46
1659189338746 0.8214936852455139 47
1659189346756 0.8228365182876587 48
1659189353080 0.8157646059989929 49
1659189361006 0.807313084602356 50
1659189367257 0.8173283338546753 51
1659189375179 0.8160309195518494 52
1659189381506 0.8086305260658264 53
1659189389516 0.8187094330787659 54
1659189396607 0.8229691386222839 55
1659189403426 0.804860532283783 56
1659189409498 0.8073743581771851 57
1659189417138 0.8131370544433594 58
1659189423133 0.8006179928779602 59
1659189430326 0.8019405007362366 60
1659189438290 0.8053439259529114 61
1659189444588 0.7997658252716064 62
1659189452486 0.8121698498725891 63
1659189459511 0.8070425987243652 64
1659189466256 0.8094266653060913 65
1659189472307 0.7964658737182617 66
1659189479732 0.7999876141548157 67
1659189488272 0.8014139533042908 68
1659189495402 0.7961574792861938 69
1659189501963 0.8018389940261841 70
1659189510366 0.8116130828857422 71
1659189517452 0.8070809245109558 72
1659189524558 0.803200364112854 73
1659189530903 0.803702712059021 74
1659189538872 0.7955610156059265 75
1659189545239 0.803343653678894 76
1659189553471 0.7941085696220398 77
1659189560822 0.8004196882247925 78
1659189728770 0.7941087484359741 79
