1659189006160 12.118068933486938 0
1659189013027 11.476926100881476 1
1659189019109 10.977784106605931 2
1659189026331 10.46876630783081 3
1659189034349 9.686367845535278 4
1659189041290 8.704540252685547 5
1659189047494 7.691544633162649 6
1659189055758 7.149989604949951 7
1659189062869 6.814394235610962 8
1659189070120 6.496304702758789 9
1659189077168 6.379048121602912 10
1659189083480 6.309252513082404 11
1659189091368 6.01336471658004 12
1659189097534 5.9711645276922924 13
1659189105525 5.938507699966431 14
1659189112206 5.8442924287584095 15
1659189118040 5.796020693249172 16
1659189126157 5.754665207862854 17
1659189133102 5.698064879367226 18
1659189140205 5.546979803788035 19
1659189147122 5.506280673177619 20
1659189153998 5.397782300647936 21
1659189160362 5.5351400877300065 22
1659189168647 5.454168725013733 23
1659189176115 5.328992748260498 24
1659189183294 5.296049690246582 25
1659189190346 5.240463909349944 26
1659189196525 5.256168616445441 27
1659189204534 5.228792968549226 28
1659189211380 5.1841615835825605 29
1659189217329 5.113991154564752 30
1659189225265 5.122374434220164 31
1659189232310 5.096341208407753 32
1659189238716 5.077583639245284 33
1659189246154 5.05251362323761 34
1659189254108 4.9896039962768555 35
1659189260397 4.94215726852417 36
1659189268343 4.893235306990774 37
1659189274704 4.835711679960552 38
1659189282671 4.938089596597772 39
1659189289731 4.887971476504677 40
1659189296049 4.898098669554058 41
1659189304239 4.911764526367188 42
1659189310815 4.852959609031677 43
1659189318761 4.833786387192576 44
1659189325106 4.815662308743126 45
1659189332766 4.781352758407593 46
1659189338746 4.79159673055013 47
1659189346756 4.765903196836772 48
1659189353080 4.74724470941644 49
1659189361006 4.713667493117483 50
1659189367257 4.70270488136693 51
1659189375179 4.7042206964994735 52
1659189381506 4.7216416660108065 53
1659189389516 4.705644833414178 54
1659189396607 4.661194675847104 55
1659189403426 4.6174253887600365 56
1659189409498 4.6419863435957165 57
1659189417138 4.634245581097073 58
1659189423133 4.586637470457289 59
1659189430326 4.596543136395906 60
1659189438290 4.602667758339329 61
1659189444588 4.5999375644483065 62
1659189452486 4.60265578721699 63
1659189459511 4.547468260714882 64
1659189466256 4.557180219226414 65
1659189472307 4.550769090652466 66
1659189479732 4.517903089523315 67
1659189488272 4.576386133829753 68
1659189495402 4.4919936029534595 69
1659189501963 4.525525519722386 70
1659189510366 4.538105249404907 71
1659189517452 4.505887307618794 72
1659189524558 4.52058378018831 73
1659189530903 4.547583153373317 74
1659189538872 4.4774119477523 75
1659189545239 4.499236633903102 76
1659189553471 4.491055941581726 77
1659189560822 4.498239793275532 78
1659189728770 4.482230086075632 79
