1659189006160 22.5341383934021 0
1659189013027 22.491832130833675 1
1659189019109 22.420589547408255 2
1659189026331 22.3772536277771 3
1659189034349 22.09188871383667 4
1659189041290 21.255157169542816 5
1659189047494 20.40382907265111 6
1659189055758 20.049388703845796 7
1659189062869 19.826867485046385 8
1659189070120 19.437654304504395 9
1659189077168 19.370227412173623 10
1659189083480 19.247420662327816 11
1659189091368 19.01329763312089 12
1659189097534 19.079631002325762 13
1659189105525 18.974079608917236 14
1659189112206 18.87226931254069 15
1659189118040 18.853522088792587 16
1659189126157 18.846958446502686 17
1659189133102 18.687585228367855 18
1659189140205 18.51249343470523 19
1659189147122 18.291146830508584 20
1659189153998 18.17512943870143 21
1659189160362 18.44920620165373 22
1659189168647 18.449810123443605 23
1659189176115 18.14338836669922 24
1659189183294 18.184027767181398 25
1659189190346 18.126604782907588 26
1659189196525 18.108047585738333 27
1659189204534 18.035982131958008 28
1659189211380 18.018609682718914 29
1659189217329 17.99808152516683 30
1659189225265 17.916950125443307 31
1659189232310 17.911576722797594 32
1659189238716 17.89122993067691 33
1659189246154 17.82609043121338 34
1659189254108 17.79896304481908 35
1659189260397 17.73656564009817 36
1659189268343 17.61467291179456 37
1659189274704 17.51657485961914 38
1659189282671 17.687678086130244 39
1659189289731 17.672972528558027 40
1659189296049 17.68856490285773 41
1659189304239 17.665462970733643 42
1659189310815 17.629718208312987 43
1659189318761 17.603232534308184 44
1659189325106 17.63468240436755 45
1659189332766 17.541360325283474 46
1659189338746 17.495478100246853 47
1659189346756 17.47070483157509 48
1659189353080 17.411733024998714 49
1659189361006 17.42108867042943 50
1659189367257 17.364456176757812 51
1659189375179 17.307267439992803 52
1659189381506 17.358730115388568 53
1659189389516 17.339439994410466 54
1659189396607 17.28148621007016 55
1659189403426 17.22961383395725 56
1659189409498 17.213873439364964 57
1659189417138 17.1928776635064 58
1659189423133 17.130369716220432 59
1659189430326 17.195364199186628 60
1659189438290 17.19384896127801 61
1659189444588 17.150385003340872 62
1659189452486 17.14399659006219 63
1659189459511 17.16564991599635 64
1659189466256 17.076375325520832 65
1659189472307 17.08568043178982 66
1659189479732 17.064215469360352 67
1659189488272 17.020823069981166 68
1659189495402 16.95465971294202 69
1659189501963 16.996590162578382 70
1659189510366 16.918502235412596 71
1659189517452 16.950981039749948 72
1659189524558 16.932057732029964 73
1659189530903 16.939881374961452 74
1659189538872 16.9086365950735 75
1659189545239 16.937188801012542 76
1659189553471 16.954355335235597 77
1659189560822 16.913781316656817 78
1659189728770 16.943084516023333 79
