1659189006160 0.0001 0
1659189013027 1e-05 1
1659189019109 2e-05 2
1659189026331 3e-05 3
1659189034349 4e-05 4
1659189041290 5e-05 5
1659189047494 6e-05 6
1659189055758 7e-05 7
1659189062869 8e-05 8
1659189070120 9e-05 9
1659189077168 0.0001 10
1659189083480 0.0001 11
1659189091368 0.0001 12
1659189097534 0.0001 13
1659189105525 0.0001 14
1659189112206 0.0001 15
1659189118040 0.0001 16
1659189126157 0.0001 17
1659189133102 0.0001 18
1659189140205 0.0001 19
1659189147122 0.0001 20
1659189153998 0.0001 21
1659189160362 0.0001 22
1659189168647 0.0001 23
1659189176115 0.0001 24
1659189183294 0.0001 25
1659189190346 0.0001 26
1659189196525 0.0001 27
1659189204534 0.0001 28
1659189211380 0.0001 29
1659189217329 0.0001 30
1659189225265 0.0001 31
1659189232310 0.0001 32
1659189238716 0.0001 33
1659189246154 0.0001 34
1659189254108 0.0001 35
1659189260397 0.0001 36
1659189268343 0.0001 37
1659189274704 0.0001 38
1659189282671 0.0001 39
1659189289731 1e-05 40
1659189296049 1e-05 41
1659189304239 1e-05 42
1659189310815 1e-05 43
1659189318761 1e-05 44
1659189325106 1e-05 45
1659189332766 1e-05 46
1659189338746 1e-05 47
1659189346756 1e-05 48
1659189353080 1e-05 49
1659189361006 1e-05 50
1659189367257 1e-05 51
1659189375179 1e-05 52
1659189381506 1e-05 53
1659189389516 1e-05 54
1659189396607 1e-05 55
1659189403426 1e-05 56
1659189409498 1e-05 57
1659189417138 1e-05 58
1659189423133 1e-05 59
1659189430326 1e-05 60
1659189438290 1e-05 61
1659189444588 1e-05 62
1659189452486 1e-05 63
1659189459511 1e-05 64
1659189466256 1e-05 65
1659189472307 1e-05 66
1659189479732 1e-05 67
1659189488272 1e-05 68
1659189495402 1e-05 69
1659189501963 1.0000000000000002e-06 70
1659189510366 1.0000000000000002e-06 71
1659189517452 1.0000000000000002e-06 72
1659189524558 1.0000000000000002e-06 73
1659189530903 1.0000000000000002e-06 74
1659189538872 1.0000000000000002e-06 75
1659189545239 1.0000000000000002e-06 76
1659189553471 1.0000000000000002e-06 77
1659189560822 1.0000000000000002e-06 78
1659189728770 1.0000000000000002e-06 79
