1659189006160 4.152393770217896 0
1659189013027 4.072148046995464 1
1659189019109 3.922390624096519 2
1659189026331 3.6452741384506226 3
1659189034349 3.2016151309013368 4
1659189041290 2.681560466164037 5
1659189047494 2.113502759682505 6
1659189055758 1.626192876270839 7
1659189062869 1.3374446630477905 8
1659189070120 1.1474205166101457 9
1659189077168 1.0484287393720526 10
1659189083480 1.0056468436592503 11
1659189091368 0.9443116439016241 12
1659189097534 0.9130315592414454 13
1659189105525 0.8928286582231522 14
1659189112206 0.8859372602568732 15
1659189118040 0.8715444670783149 16
1659189126157 0.8627669155597687 17
1659189133102 0.8616135277246174 18
1659189140205 0.8533304208203366 19
1659189147122 0.8487254287067213 20
1659189153998 0.8487765475323326 21
1659189160362 0.8459083186952692 22
1659189168647 0.8343826562166214 23
1659189176115 0.8323506504297257 24
1659189183294 0.8268202096223831 25
1659189190346 0.8247377966579638 26
1659189196525 0.8228317467789901 27
1659189204534 0.8191340659794054 28
1659189211380 0.8214315242237515 29
1659189217329 0.8229740824964311 30
1659189225265 0.8177367542919359 31
1659189232310 0.8095486540543405 32
1659189238716 0.8136593385746604 33
1659189246154 0.8110551983118057 34
1659189254108 0.8134076156114277 35
1659189260397 0.8031747184301677 36
1659189268343 0.8099339761232075 37
1659189274704 0.8044485104711432 38
1659189282671 0.8029174867429232 39
1659189289731 0.7977909445762634 40
1659189296049 0.7992653344806872 41
1659189304239 0.7998820573091507 42
1659189310815 0.7933705121278762 43
1659189318761 0.7977715636554518 44
1659189325106 0.7912389071364152 45
1659189332766 0.7908660637007819 46
1659189338746 0.7960638006528219 47
1659189346756 0.7951035217234963 48
1659189353080 0.7926632134537948 49
1659189361006 0.7875994632118627 50
1659189367257 0.7906875892689353 51
1659189375179 0.790156364440918 52
1659189381506 0.7881665229797363 53
1659189389516 0.7905814773158023 54
1659189396607 0.7914717730722929 55
1659189403426 0.7870173984103732 56
1659189409498 0.7866409089830186 57
1659189417138 0.7894632650746239 58
1659189423133 0.7847525411181979 59
1659189430326 0.7850574349102221 60
1659189438290 0.7842210593976473 61
1659189444588 0.7846851850810804 62
1659189452486 0.787475027536091 63
1659189459511 0.7853508811247977 64
1659189466256 0.7857948276731703 65
1659189472307 0.7816160784827338 66
1659189479732 0.7839919060468674 67
1659189488272 0.7837360075541905 68
1659189495402 0.7823128355176825 69
1659189501963 0.7834843648107428 70
1659189510366 0.7855447292327881 71
1659189517452 0.7837507881616291 72
1659189524558 0.7832341664715817 73
1659189530903 0.7855789410440546 74
1659189538872 0.7815702808530707 75
1659189545239 0.7851984187176353 76
1659189553471 0.7808843433856965 77
1659189560822 0.7819695347233823 78
1659189728770 0.7800895446225217 79
