1659189006160 0.9374485045671463 0
1659189013027 0.4989846380133378 1
1659189019109 0.28500936533275406 2
1659189026331 0.17601923570036887 3
1659189034349 0.11654528342187405 4
1659189041290 0.08129867205494329 5
1659189047494 0.05809842108895904 6
1659189055758 0.04279758621539388 7
1659189062869 0.036313369497656824 8
1659189070120 0.03020966164767742 9
1659189077168 0.02734573930501938 10
1659189083480 0.024775589865289237 11
1659189091368 0.02176170168738616 12
1659189097534 0.02025487876840328 13
1659189105525 0.018836130760610102 14
1659189112206 0.017948093875828717 15
1659189118040 0.017053349047071405 16
1659189126157 0.016144555062055588 17
1659189133102 0.015572926666783659 18
1659189140205 0.014600338218243499 19
1659189147122 0.014065151249891833 20
1659189153998 0.013446579491229434 21
1659189160362 0.013725089252387223 22
1659189168647 0.013254210120067 23
1659189176115 0.012580867251381278 24
1659189183294 0.012295492505654693 25
1659189190346 0.012078941064445596 26
1659189196525 0.01198875943296834 27
1659189204534 0.01181003618005075 28
1659189211380 0.011647026158041425 29
1659189217329 0.011407117825001478 30
1659189225265 0.011222933370031808 31
1659189232310 0.011162742286136276 32
1659189238716 0.011105529718885296 33
1659189246154 0.01089133070781827 34
1659189254108 0.010684557308099772 35
1659189260397 0.010374075242955434 36
1659189268343 0.010188632987831769 37
1659189274704 0.01002201874201235 38
1659189282671 0.010304464174336508 39
1659189289731 0.01006543440254111 40
1659189296049 0.009941537276302514 41
1659189304239 0.009931562375277281 42
1659189310815 0.009577871672809124 43
1659189318761 0.009602174309915617 44
1659189325106 0.009406330799193759 45
1659189332766 0.009317549411207438 46
1659189338746 0.009346052021202114 47
1659189346756 0.009242557920515537 48
1659189353080 0.009117300033961473 49
1659189361006 0.00898703437690672 50
1659189367257 0.008926213522882838 51
1659189375179 0.008926761140556712 52
1659189381506 0.009035052192446432 53
1659189389516 0.00894987818441893 54
1659189396607 0.008774963256559874 55
1659189403426 0.008646496830301153 56
1659189409498 0.008683909817288319 57
1659189417138 0.008641713195376925 58
1659189423133 0.008512270274675555 59
1659189430326 0.008551886035619597 60
1659189438290 0.008477141198359038 61
1659189444588 0.008536245183725106 62
1659189452486 0.008485028373175546 63
1659189459511 0.008341669497129164 64
1659189466256 0.00835001975711849 65
1659189472307 0.008342976138616601 66
1659189479732 0.008226404245942832 67
1659189488272 0.008328438337360109 68
1659189495402 0.008129933285281846 69
1659189501963 0.008194062932345429 70
1659189510366 0.008298574155196548 71
1659189517452 0.008158658557620487 72
1659189524558 0.008238086329871103 73
1659189530903 0.008261994360701033 74
1659189538872 0.008159121792567404 75
1659189545239 0.008139822926176222 76
1659189553471 0.00811325991526246 77
1659189560822 0.008137876437486787 78
1659189728770 0.008049255751661565 79
