1659189006160 3.4209808588027952 0
1659189013027 2.5564941732507003 1
1659189019109 2.053891702702171 2
1659189026331 1.6945040225982666 3
1659189034349 1.3319475293159484 4
1659189041290 1.0698043672662032 5
1659189047494 0.7454595910875421 6
1659189055758 0.5120084413460323 7
1659189062869 0.4162217739969492 8
1659189070120 0.30703535191714765 9
1659189077168 0.2275592676903072 10
1659189083480 0.2385539616409101 11
1659189091368 0.13221015722343796 12
1659189097534 0.11676926714809317 13
1659189105525 0.0989506721496582 14
1659189112206 0.09052692146764861 15
1659189118040 0.08676984533667564 16
1659189126157 0.07286547049880028 17
1659189133102 0.0783913990384654 18
1659189140205 0.05440740463765044 19
1659189147122 0.07363760157635338 20
1659189153998 0.05560424021984402 21
1659189160362 0.05080352802025644 22
1659189168647 0.039661528542637825 23
1659189176115 0.034378109499812126 24
1659189183294 0.0457231417298317 25
1659189190346 0.0325037021385996 26
1659189196525 0.03192322838463282 27
1659189204534 0.03103716475398917 28
1659189211380 0.0350502911541197 29
1659189217329 0.040686316374275416 30
1659189225265 0.03590507609279532 31
1659189232310 0.023490697145462036 32
1659189238716 0.03406921480047075 33
1659189246154 0.03210319187492132 34
1659189254108 0.025211454026008908 35
1659189260397 0.02346878322331529 36
1659189268343 0.0339477217118991 37
1659189274704 0.02443041338732368 38
1659189282671 0.021422952217491048 39
1659189289731 0.018524915764206333 40
1659189296049 0.016788363848861895 41
1659189304239 0.020979366078972817 42
1659189310815 0.015522893331944943 43
1659189318761 0.03009041555617985 44
1659189325106 0.016724272582091783 45
1659189332766 0.013825700307885805 46
1659189338746 0.014924660738971498 47
1659189346756 0.01612641799606775 48
1659189353080 0.012640737389263353 49
1659189361006 0.00977477784219541 50
1659189367257 0.0156410865877804 51
1659189375179 0.014716704621126777 52
1659189381506 0.010135501034949956 53
1659189389516 0.016299709089492496 54
1659189396607 0.01998258735004224 55
1659189403426 0.008258402761485841 56
1659189409498 0.010221783071756363 57
1659189417138 0.013485989015963342 58
1659189423133 0.00692774210539129 59
1659189430326 0.007431725334180028 60
1659189438290 0.011428901043377425 61
1659189444588 0.0059847251365059305 62
1659189452486 0.014369724220351168 63
1659189459511 0.011797188928252772 64
1659189466256 0.013470452485813035 65
1659189472307 0.005779387843277719 66
1659189479732 0.006754656136035919 67
1659189488272 0.008348820464951652 68
1659189495402 0.005359155959204624 69
1659189501963 0.009218937080157431 70
1659189510366 0.01597787458449602 71
1659189517452 0.013257802513084914 72
1659189524558 0.009958825613323011 73
1659189530903 0.00935512565468487 74
1659189538872 0.005484995677282936 75
1659189545239 0.009055451146866145 76
1659189553471 0.004719915986061096 77
1659189560822 0.00933263784176425 78
1659189728770 0.0056895225455886435 79
