1659178725092 1.9458503723144531 0
1659178727620 2.002258777618408 1
1659178730117 1.8867130279541016 2
1659178732726 1.8223727345466614 3
1659178735302 1.6924629211425781 4
1659178737793 1.5193977355957031 5
1659178740295 1.4457446336746216 6
1659178742776 1.1751479506492615 7
1659178745282 1.1427407264709473 8
1659178747778 1.0609307289123535 9
1659178750302 0.9636833369731903 10
1659178752804 0.7054015398025513 11
1659178755265 0.5456599295139313 12
1659178757784 0.5805642902851105 13
1659178760232 0.4403633028268814 14
1659178762728 0.4377571791410446 15
1659178765235 0.30394719541072845 16
1659178767745 0.2545166015625 17
1659178770216 0.2558758556842804 18
1659178772763 0.1428849846124649 19
1659178775286 0.09047616273164749 20
1659178777774 0.0812915675342083 21
1659178780406 0.09256130829453468 22
1659178782922 0.056357741355895996 23
1659178785399 0.03932525962591171 24
1659178787889 0.00869777798652649 25
1659178790382 0.02894909307360649 26
1659178792823 0.01600223407149315 27
1659178795342 0.009211573749780655 28
1659178797874 0.01198405772447586 29
1659178800428 0.01660013757646084 30
1659178802918 0.012189244851469994 31
1659178805433 0.014163827523589134 32
1659178808012 0.020749226212501526 33
1659178810536 0.004057597368955612 34
1659178813072 0.004081984981894493 35
1659178815692 0.00015170127153396606 36
1659178818213 0.0 37
1659178820745 0.0016859229654073715 38
