1659178725092 10.363475322723389 0
1659178727620 10.367196083068848 1
1659178730117 10.250054359436035 2
1659178732726 10.250718116760254 3
1659178735302 10.30749797821045 4
1659178737793 10.292468070983887 5
1659178740295 10.392598152160645 6
1659178742776 10.516695976257324 7
1659178745282 10.563549041748047 8
1659178747778 10.599735736846924 9
1659178750302 10.830210208892822 10
1659178752804 11.1998929977417 11
1659178755265 11.240888118743896 12
1659178757784 11.331562042236328 13
1659178760232 11.52738332748413 14
1659178762728 11.578083515167236 15
1659178765235 11.99999475479126 16
1659178767745 12.011795043945312 17
1659178770216 12.083425998687744 18
1659178772763 12.291025161743164 19
1659178775286 12.59087610244751 20
1659178777774 12.717835903167725 21
1659178780406 12.809855937957764 22
1659178782922 12.93493127822876 23
1659178785399 13.235347747802734 24
1659178787889 13.26719331741333 25
1659178790382 13.18385934829712 26
1659178792823 13.457541942596436 27
1659178795342 13.529059410095215 28
1659178797874 13.832047462463379 29
1659178800428 13.552698612213135 30
1659178802918 13.549853324890137 31
1659178805433 13.714738845825195 32
1659178808012 13.540966510772705 33
1659178810536 13.495434761047363 34
1659178813072 13.793651580810547 35
1659178815692 13.474638938903809 36
1659178818213 13.976805210113525 37
1659178820745 14.194037437438965 38
