1659178725092 11.563304901123047 0
1659178727620 11.606284141540527 1
1659178730117 11.44266653060913 2
1659178732726 11.310489177703857 3
1659178735302 11.199992179870605 4
1659178737793 10.983492374420166 5
1659178740295 10.895516872406006 6
1659178742776 10.648218631744385 7
1659178745282 10.583183765411377 8
1659178747778 10.457209587097168 9
1659178750302 10.336645603179932 10
1659178752804 10.143736839294434 11
1659178755265 9.94103193283081 12
1659178757784 9.916210174560547 13
1659178760232 9.680456638336182 14
1659178762728 9.56125020980835 15
1659178765235 9.415799617767334 16
1659178767745 9.335548400878906 17
1659178770216 9.236368179321289 18
1659178772763 9.087764739990234 19
1659178775286 8.981226444244385 20
1659178777774 8.955519676208496 21
1659178780406 8.979142665863037 22
1659178782922 8.921976089477539 23
1659178785399 8.677069187164307 24
1659178787889 8.623680114746094 25
1659178790382 8.722325325012207 26
1659178792823 8.728017807006836 27
1659178795342 8.6158766746521 28
1659178797874 8.437573909759521 29
1659178800428 8.516545295715332 30
1659178802918 8.553990840911865 31
1659178805433 8.562747955322266 32
1659178808012 8.565912246704102 33
1659178810536 8.350396633148193 34
1659178813072 8.396689891815186 35
1659178815692 8.47277545928955 36
1659178818213 8.374460220336914 37
1659178820745 8.112123489379883 38
