1659178725092 9.808815956115723 0
1659178727620 9.520001411437988 1
1659178730117 8.877817153930664 2
1659178732726 8.509994506835938 3
1659178735302 8.191808700561523 4
1659178737793 7.593667030334473 5
1659178740295 7.201704978942871 6
1659178742776 6.395536422729492 7
1659178745282 6.1655497550964355 8
1659178747778 5.9051833152771 9
1659178750302 5.4130377769470215 10
1659178752804 4.726056098937988 11
1659178755265 4.4022040367126465 12
1659178757784 4.185441017150879 13
1659178760232 3.6958775520324707 14
1659178762728 3.5551912784576416 15
1659178765235 2.988802909851074 16
1659178767745 2.839495897293091 17
1659178770216 2.7406606674194336 18
1659178772763 2.2518630027770996 19
1659178775286 2.0396087169647217 20
1659178777774 2.017636775970459 21
1659178780406 1.9153296947479248 22
1659178782922 1.6857541799545288 23
1659178785399 1.4524277448654175 24
1659178787889 1.3404278755187988 25
1659178790382 1.394115924835205 26
1659178792823 1.2665311098098755 27
1659178795342 1.1554371118545532 28
1659178797874 1.0938888788223267 29
1659178800428 1.1212085485458374 30
1659178802918 1.0846269130706787 31
1659178805433 1.0719542503356934 32
1659178808012 1.1503896713256836 33
1659178810536 0.9781548380851746 34
1659178813072 0.9467971920967102 35
1659178815692 0.9145433902740479 36
1659178818213 0.8774298429489136 37
1659178820745 0.8380705714225769 38
