1659178725092 22.79911518096924 0
1659178727620 22.736419677734375 1
1659178730117 22.763124465942383 2
1659178732726 22.8046236038208 3
1659178735302 22.837660789489746 4
1659178737793 22.822587966918945 5
1659178740295 22.89796543121338 6
1659178742776 23.084144592285156 7
1659178745282 23.132624626159668 8
1659178747778 23.179219245910645 9
1659178750302 23.272571563720703 10
1659178752804 23.4586238861084 11
1659178755265 23.4398775100708 12
1659178757784 23.55875873565674 13
1659178760232 23.684348106384277 14
1659178762728 23.712326049804688 15
1659178765235 23.84805679321289 16
1659178767745 23.835914611816406 17
1659178770216 23.891822814941406 18
1659178772763 23.962671279907227 19
1659178775286 24.046401977539062 20
1659178777774 24.102885246276855 21
1659178780406 24.179821968078613 22
1659178782922 24.17786979675293 23
1659178785399 24.28608798980713 24
1659178787889 24.258219718933105 25
1659178790382 24.21883201599121 26
1659178792823 24.176069259643555 27
1659178795342 24.203140258789062 28
1659178797874 24.2954740524292 29
1659178800428 24.240633964538574 30
1659178802918 24.197688102722168 31
1659178805433 24.237892150878906 32
1659178808012 24.21165943145752 33
1659178810536 24.164517402648926 34
1659178813072 24.225712776184082 35
1659178815692 24.0006685256958 36
1659178818213 24.28015899658203 37
1659178820745 24.36509418487549 38
