1659178725092 0.0001 0
1659178727620 1e-05 1
1659178730117 2e-05 2
1659178732726 3e-05 3
1659178735302 4e-05 4
1659178737793 5e-05 5
1659178740295 6e-05 6
1659178742776 7e-05 7
1659178745282 8e-05 8
1659178747778 9e-05 9
1659178750302 0.0001 10
1659178752804 0.0001 11
1659178755265 0.0001 12
1659178757784 0.0001 13
1659178760232 0.0001 14
1659178762728 0.0001 15
1659178765235 0.0001 16
1659178767745 0.0001 17
1659178770216 0.0001 18
1659178772763 0.0001 19
1659178775286 0.0001 20
1659178777774 0.0001 21
1659178780406 0.0001 22
1659178782922 0.0001 23
1659178785399 0.0001 24
1659178787889 0.0001 25
1659178790382 0.0001 26
1659178792823 0.0001 27
1659178795342 0.0001 28
1659178797874 0.0001 29
1659178800428 0.0001 30
1659178802918 0.0001 31
1659178805433 0.0001 32
1659178808012 0.0001 33
1659178810536 0.0001 34
1659178813072 0.0001 35
1659178815692 0.0001 36
1659178818213 0.0001 37
1659178820745 0.0001 38
