1659178725092 3.49586021900177 0
1659178727620 3.495741367340088 1
1659178730117 3.4828553199768066 2
1659178732726 3.4479546546936035 3
1659178735302 3.398791551589966 4
1659178737793 3.3472580909729004 5
1659178740295 3.2732410430908203 6
1659178742776 3.1816927194595337 7
1659178745282 3.082311749458313 8
1659178747778 2.9641902446746826 9
1659178750302 2.8304736614227295 10
1659178752804 2.668457508087158 11
1659178755265 2.547857403755188 12
1659178757784 2.4017109870910645 13
1659178760232 2.2479299306869507 14
1659178762728 2.1268335580825806 15
1659178765235 1.9628055095672607 16
1659178767745 1.8618305921554565 17
1659178770216 1.7546916007995605 18
1659178772763 1.6132538318634033 19
1659178775286 1.5239787101745605 20
1659178777774 1.4376575946807861 21
1659178780406 1.3611401915550232 22
1659178782922 1.2627047300338745 23
1659178785399 1.1764364838600159 24
1659178787889 1.1215852499008179 25
1659178790382 1.0848664045333862 26
1659178792823 1.0172954201698303 27
1659178795342 0.9773996770381927 28
1659178797874 0.9221287667751312 29
1659178800428 0.9190863370895386 30
1659178802918 0.889085203409195 31
1659178805433 0.8726156949996948 32
1659178808012 0.8681788146495819 33
1659178810536 0.8319166004657745 34
1659178813072 0.8134829998016357 35
1659178815692 0.8113599419593811 36
1659178818213 0.793578565120697 37
1659178820745 0.774304062128067 38
