1659178725092 3.125560164451599 0
1659178727620 3.0158581733703613 1
1659178730117 2.665851354598999 2
1659178732726 2.4893910884857178 3
1659178735302 2.4305890798568726 4
1659178737793 2.130479097366333 5
1659178740295 1.94990074634552 6
1659178742776 1.5614042282104492 7
1659178745282 1.5124685764312744 8
1659178747778 1.4982261061668396 9
1659178750302 1.2748794555664062 10
1659178752804 1.0418097078800201 11
1659178755265 1.0304873883724213 12
1659178757784 0.9510183930397034 13
1659178760232 0.7807148694992065 14
1659178762728 0.7850627899169922 15
1659178765235 0.5355122834444046 16
1659178767745 0.554676741361618 17
1659178770216 0.577103465795517 18
1659178772763 0.3570099174976349 19
1659178775286 0.2977958619594574 20
1659178777774 0.38186560571193695 21
1659178780406 0.35409894585609436 22
1659178782922 0.2679830491542816 23
1659178785399 0.14636174216866493 24
1659178787889 0.12678616493940353 25
1659178790382 0.20336240530014038 26
1659178792823 0.1621275320649147 27
1659178795342 0.10207801684737206 28
1659178797874 0.09805996716022491 29
1659178800428 0.12725821509957314 30
1659178802918 0.1288764514029026 31
1659178805433 0.13339602202177048 32
1659178808012 0.2126907855272293 33
1659178810536 0.09697955846786499 34
1659178813072 0.08551789447665215 35
1659178815692 0.062131334096193314 36
1659178818213 0.043769918382167816 37
1659178820745 0.024064749479293823 38
