1659178725092 1.241545021533966 0
1659178727620 1.0061433613300323 1
1659178730117 0.8423971235752106 2
1659178732726 0.7502764463424683 3
1659178735302 0.6699651181697845 4
1659178737793 0.5965321958065033 5
1659178740295 0.5328184068202972 6
1659178742776 0.47729137539863586 7
1659178745282 0.4280285984277725 8
1659178747778 0.38183610141277313 9
1659178750302 0.3440012037754059 10
1659178752804 0.3103877007961273 11
1659178755265 0.27819928526878357 12
1659178757784 0.2521476149559021 13
1659178760232 0.22686930745840073 14
1659178762728 0.20553775876760483 15
1659178765235 0.18653781712055206 16
1659178767745 0.16847194731235504 17
1659178770216 0.1529897153377533 18
1659178772763 0.1387142837047577 19
1659178775286 0.12735804542899132 20
1659178777774 0.11682185158133507 21
1659178780406 0.10752921178936958 22
1659178782922 0.0987086147069931 23
1659178785399 0.09030430763959885 24
1659178787889 0.08335856348276138 25
1659178790382 0.07693807035684586 26
1659178792823 0.07110592722892761 27
1659178795342 0.06674788892269135 28
1659178797874 0.061716094613075256 29
1659178800428 0.0582638643682003 30
1659178802918 0.05447608418762684 31
1659178805433 0.051778754219412804 32
1659178808012 0.04877079464495182 33
1659178810536 0.045201074331998825 34
1659178813072 0.043714333325624466 35
1659178815692 0.04090041294693947 36
1659178818213 0.04008135199546814 37
1659178820745 0.038015829399228096 38
